33606	1.147
33609	1.1429
33610	1.1416
33611	1.1429
33612	1.1489
33613	1.1541
33616	1.1486
33617	1.1491
33618	1.156
33619	1.1527
33620	1.153
33623	1.1501
33624	1.1537
33625	1.1546
33626	1.1577
33627	1.1674
33630	1.1727
33631	1.1742
33632	1.1721
33633	1.1771
33634	1.1748
33637	1.1731
33638	1.1806
33639	1.1796
33640	1.1786
33641	1.1785
33644	1.1765
33645	1.1818
33646	1.1819
33647	1.1849
33648	1.1865
33651	1.1882
33652	1.1893
33653	1.1879
33654	1.1844
33655	1.1838
33658	1.1872
33659	1.1858
33660	1.1806
33661	1.1795
33662	1.1819
33665	1.1845
33666	1.1907
33667	1.1917
33668	1.1906
33669	1.1881
33672	1.1925
33673	1.195
33674	1.1943
33675	1.1947
33676	1.1988
33679	1.1993
33680	1.197
33681	1.1932
33682	1.1967
33683	1.198
33686	1.193
33687	1.1918
33688	1.189
33689	1.1899
33690	1.1886
33693	1.1906
33694	1.1899
33695	1.1913
33696	1.1928
33697	1.1891
33700	1.1877
33701	1.1881
33702	1.189
33703	1.1883
33704	1.1866
33707	1.1865
33708	1.1812
33709	1.1797
33710	1.182
33714	1.1799
33715	1.1802
33716	1.1861
33717	1.1854
33718	1.1856
33721	1.1938
33722	1.1954
33723	1.1939
33724	1.1959
33725	1.1888
33728	1.1904
33729	1.1912
33730	1.1967
33731	1.1984
33732	1.1998
33735	1.2065
33736	1.2049
33737	1.205
33738	1.2022
33739	1.2029
33743	1.1957
33744	1.1955
33745	1.1958
33746	1.1955
33749	1.1986
33750	1.2018
33751	1.2023
33752	1.2039
33753	1.2047
33756	1.2047
33757	1.2034
33758	1.2004
33759	1.1973
33760	1.1926
33763	1.1938
33764	1.1934
33765	1.1947
33766	1.193
33767	1.1915
33770	1.1925
33771	1.1958
33772	1.196
33773	1.1971
33774	1.1979
33777	1.1945
33778	1.1967
33779	1.1963
33780	1.194
33781	1.1928
33784	1.1939
33785	1.1969
33787	1.2023
33788	1.2024
33791	1.1996
33792	1.1962
33793	1.1913
33794	1.1934
33795	1.1918
33798	1.1926
33799	1.1931
33800	1.1927
33801	1.1907
33802	1.1897
33805	1.189
33806	1.1924
33807	1.1903
33808	1.1883
33809	1.1912
33813	1.1881
33814	1.187
33815	1.1828
33816	1.1842
33820	1.185
33821	1.1828
33822	1.1862
33823	1.1825
33826	1.188
33827	1.1858
33828	1.191
33829	1.1919
33830	1.1932
33833	1.1947
33834	1.1972
33835	1.1976
33836	1.1926
33837	1.1923
33840	1.1904
33841	1.1892
33842	1.1907
33843	1.1947
33844	1.1963
33847	1.1952
33848	1.1942
33849	1.1968
33850	1.1983
33851	1.1987
33855	1.2045
33856	1.2149
33857	1.2195
33858	1.2212
33861	1.2116
33862	1.2183
33863	1.2216
33864	1.2174
33865	1.2171
33868	1.2311
33869	1.2312
33870	1.2418
33871	1.2414
33872	1.24
33875	1.2465
33876	1.2537
33877	1.248
33878	1.2435
33879	1.2545
33882	1.247
33883	1.2471
33884	1.2484
33885	1.247
33886	1.2503
33890	1.2447
33891	1.2483
33892	1.2495
33893	1.2466
33896	1.2462
33897	1.2379
33898	1.2378
33899	1.2422
33900	1.2468
33903	1.249
33904	1.2371
33905	1.2396
33906	1.2421
33907	1.24
33910	1.2414
33911	1.2416
33912	1.2455
33913	1.2478
33914	1.2524
33917	1.2591
33918	1.2644
33920	1.2631
33921	1.2635
33924	1.27
33925	1.2748
33926	1.2753
33927	1.2727
33928	1.2779
33931	1.285
33932	1.2887
33933	1.283
33934	1.2823
33935	1.2849
33938	1.2858
33939	1.285
33940	1.2812
33941	1.2769
33942	1.2779
33945	1.2759
33946	1.2748
33947	1.2728
33948	1.2718
33949	1.2765
33952	1.2743
33953	1.277
33954	1.2784
33955	1.2742
33956	1.2754
33959	1.2675
33960	1.2611
33961	1.2601
33962	1.2612
33967	1.2659
33968	1.2683
33969	1.2711
33973	1.278
33974	1.2765
33975	1.278
33976	1.2792
33977	1.2818
33980	1.2754
33981	1.2778
33982	1.2818
33983	1.2782
33984	1.2822
33987	1.2766
33988	1.2769
33989	1.2799
33990	1.2868
33991	1.282
33994	1.2785
33995	1.2707
33996	1.2698
33997	1.2708
33998	1.2701
34001	1.2636
34002	1.2623
34003	1.2664
34004	1.2629
34005	1.2611
34008	1.2641
34009	1.2679
34010	1.2657
34011	1.2562
34012	1.2552
34015	1.2535
34016	1.2564
34017	1.2614
34018	1.2594
34019	1.2568
34022	1.2618
34023	1.2547
34024	1.2622
34025	1.2536
34026	1.2497
34029	1.2495
34030	1.2478
34031	1.2467
34032	1.2423
34033	1.2474
34036	1.2433
34037	1.2461
34038	1.246
34039	1.2446
34040	1.2433
34043	1.2464
34044	1.2502
34045	1.2516
34046	1.2467
34047	1.2456
34050	1.2452
34051	1.2479
34052	1.2443
34053	1.2439
34054	1.2444
34057	1.2462
34058	1.2513
34059	1.2572
34060	1.2583
34061	1.261
34064	1.2624
34065	1.2591
34066	1.261
34067	1.258
34071	1.2602
34072	1.2612
34073	1.263
34074	1.2608
34075	1.2588
34078	1.256
34079	1.2568
34080	1.2578
34081	1.2619
34082	1.2611
34085	1.258
34086	1.2711
34087	1.2733
34088	1.2722
34089	1.27
34092	1.2675
34093	1.2723
34094	1.2758
34095	1.2706
34099	1.2683
34100	1.2748
34101	1.2743
34102	1.2725
34103	1.2738
34106	1.2754
34107	1.2727
34108	1.2675
34109	1.2684
34110	1.2665
34114	1.2608
34115	1.264
34116	1.2634
34117	1.2702
34120	1.2715
34121	1.272
34122	1.2713
34123	1.2742
34124	1.2776
34127	1.2781
34128	1.2827
34129	1.2804
34130	1.2787
34131	1.2792
34134	1.2792
34135	1.2793
34136	1.28
34137	1.2769
34138	1.2748
34141	1.2735
34142	1.2781
34143	1.2805
34144	1.2824
34145	1.2827
34149	1.2811
34150	1.2823
34152	1.2884
34156	1.2856
34157	1.2844
34158	1.28
34159	1.2782
34163	1.2781
34164	1.2828
34165	1.2818
34166	1.2794
34169	1.2782
34170	1.2783
34171	1.277
34172	1.2795
34173	1.28
34176	1.2811
34177	1.2836
34178	1.2835
34179	1.2873
34180	1.2841
34184	1.2908
34185	1.2878
34186	1.2895
34187	1.2905
34190	1.2912
34191	1.2917
34192	1.3006
34193	1.3096
34194	1.3147
34197	1.3149
34198	1.314
34199	1.3198
34200	1.3181
34201	1.3195
34204	1.3196
34205	1.319
34206	1.3143
34207	1.3158
34208	1.3218
34211	1.32
34212	1.3208
34213	1.3226
34214	1.3268
34215	1.3275
34219	1.3238
34220	1.3186
34221	1.3161
34222	1.3146
34225	1.3158
34226	1.3216
34227	1.3125
34228	1.3142
34229	1.3138
34232	1.3219
34233	1.3226
34234	1.3187
34235	1.3223
34236	1.3192
34239	1.324
34240	1.3235
34241	1.3285
34242	1.3358
34243	1.339
34246	1.3399
34247	1.3384
34248	1.3353
34249	1.3327
34250	1.3318
34254	1.331
34255	1.3294
34256	1.3265
34257	1.3315
34260	1.3272
34261	1.3245
34262	1.3214
34263	1.3171
34264	1.3048
34267	1.3088
34268	1.3206
34269	1.3185
34270	1.3224
34271	1.3215
34274	1.3152
34275	1.3053
34276	1.3091
34277	1.3045
34278	1.2932
34281	1.2961
34282	1.307
34283	1.3084
34285	1.3121
34288	1.3234
34289	1.319
34290	1.3161
34291	1.3121
34292	1.3276
34295	1.3301
34296	1.3265
34297	1.3286
34298	1.3289
34299	1.3285
34302	1.3344
34303	1.3367
34304	1.3334
34305	1.3309
34306	1.3287
34309	1.3264
34310	1.3226
34311	1.3229
34312	1.3243
34313	1.3287
34316	1.3293
34317	1.3335
34318	1.3329
34319	1.3317
34320	1.3387
34323	1.3449
34324	1.3437
34325	1.334
34326	1.326
34327	1.3263
34332	1.3333
34333	1.3286
34334	1.324
34338	1.3174
34339	1.318
34340	1.3211
34341	1.3234
34344	1.3173
34345	1.3217
34346	1.3207
34347	1.3211
34348	1.3205
34351	1.3197
34352	1.3157
34353	1.3107
34354	1.3102
34355	1.3112
34358	1.3109
34359	1.3116
34360	1.3131
34361	1.3116
34362	1.3241
34365	1.3273
34366	1.3305
34367	1.3275
34368	1.3274
34369	1.3342
34372	1.3416
34373	1.342
34374	1.3443
34375	1.3416
34376	1.3428
34379	1.3534
34380	1.3543
34381	1.3507
34382	1.3403
34383	1.3384
34386	1.3397
34387	1.3429
34388	1.3397
34389	1.3471
34390	1.3513
34393	1.352
34394	1.3502
34395	1.353
34396	1.3559
34397	1.3573
34400	1.3573
34401	1.3569
34402	1.3518
34403	1.3576
34404	1.3617
34407	1.3597
34408	1.3639
34409	1.3624
34410	1.3657
34411	1.3692
34414	1.364
34415	1.3663
34416	1.3641
34417	1.3726
34418	1.375
34421	1.3747
34422	1.3771
34423	1.3792
34424	1.3837
34428	1.3953
34429	1.3842
34430	1.3839
34431	1.3861
34432	1.3817
34435	1.3881
34436	1.3793
34437	1.3759
34438	1.3795
34439	1.385
34442	1.3885
34443	1.3859
34444	1.3856
34445	1.3808
34446	1.3783
34449	1.3813
34450	1.3731
34451	1.375
34452	1.3803
34453	1.3815
34456	1.3825
34457	1.3841
34458	1.386
34459	1.3844
34460	1.3833
34463	1.3795
34464	1.3783
34465	1.3777
34466	1.3805
34467	1.3783
34470	1.3755
34471	1.3788
34472	1.3776
34473	1.3739
34474	1.3765
34478	1.3783
34479	1.3825
34480	1.3858
34481	1.3865
34484	1.3855
34485	1.3847
34486	1.3857
34487	1.3848
34488	1.3828
34491	1.3742
34492	1.3706
34493	1.3753
34494	1.3739
34495	1.3745
34498	1.3808
34499	1.3854
34500	1.3889
34501	1.3921
34502	1.392
34505	1.3939
34506	1.3898
34507	1.3846
34508	1.385
34509	1.3895
34512	1.3871
34514	1.3838
34515	1.3823
34520	1.3889
34521	1.3845
34522	1.3883
34523	1.39
34526	1.3907
34527	1.3836
34528	1.3813
34529	1.3817
34530	1.378
34533	1.3776
34534	1.3797
34535	1.3813
34536	1.3783
34537	1.3778
34540	1.3784
34541	1.3808
34542	1.3794
34543	1.3805
34544	1.3832
34548	1.3891
34549	1.3881
34550	1.3866
34551	1.3877
34554	1.3797
34555	1.3744
34556	1.3748
34557	1.3777
34558	1.3816
34561	1.3799
34562	1.3794
34563	1.3766
34564	1.379
34565	1.3753
34568	1.3754
34569	1.3772
34570	1.3743
34571	1.3723
34572	1.3698
34575	1.369
34576	1.3672
34577	1.3711
34578	1.368
34579	1.3664
34583	1.3679
34584	1.3682
34585	1.3708
34586	1.3673
34589	1.366
34590	1.353
34591	1.3511
34592	1.3538
34593	1.3513
34596	1.3513
34597	1.3438
34598	1.3425
34599	1.343
34600	1.3452
34603	1.347
34604	1.3477
34605	1.3409
34606	1.3422
34607	1.3408
34610	1.3456
34611	1.3446
34612	1.3471
34613	1.3475
34614	1.3482
34618	1.3437
34619	1.3472
34620	1.3484
34621	1.3537
34624	1.3563
34625	1.3548
34626	1.3546
34627	1.3547
34628	1.3541
34631	1.3524
34632	1.3491
34633	1.3472
34634	1.3487
34635	1.3499
34638	1.3525
34639	1.3542
34640	1.3552
34641	1.357
34642	1.3573
34645	1.3555
34646	1.357
34647	1.3533
34648	1.3585
34652	1.3576
34653	1.363
34654	1.3649
34655	1.3652
34656	1.3673
34659	1.3667
34660	1.3758
34661	1.3738
34662	1.3743
34663	1.3757
34666	1.3785
34667	1.3774
34668	1.3752
34669	1.3751
34670	1.3717
34673	1.3728
34674	1.373
34675	1.3796
34676	1.3832
34677	1.3846
34680	1.386
34681	1.387
34682	1.3872
34683	1.387
34684	1.3882
34687	1.3939
34688	1.3943
34689	1.3943
34690	1.3984
34696	1.4031
34697	1.4074
34698	1.4018
34702	1.4035
34703	1.4026
34704	1.4002
34705	1.4002
34708	1.405
34709	1.4125
34710	1.414
34711	1.416
34712	1.4106
34715	1.4122
34716	1.4212
34717	1.4215
34718	1.4211
34719	1.4235
34722	1.4194
34723	1.4144
34724	1.4147
34725	1.4148
34726	1.415
34729	1.419
34730	1.4086
34731	1.4105
34732	1.4064
34733	1.4026
34736	1.3982
34737	1.3952
34738	1.3948
34739	1.3984
34740	1.4018
34743	1.4025
34744	1.3994
34745	1.4043
34746	1.4098
34747	1.4057
34750	1.4052
34751	1.3994
34752	1.3984
34753	1.3939
34754	1.3939
34757	1.3964
34758	1.3935
34759	1.3964
34760	1.4036
34761	1.4013
34764	1.4176
34765	1.421
34766	1.4085
34767	1.4125
34768	1.4087
34771	1.4118
34772	1.4169
34773	1.4156
34774	1.4138
34775	1.4177
34778	1.4082
34779	1.4082
34780	1.4025
34781	1.406
34782	1.4014
34785	1.4015
34786	1.403
34787	1.4032
34788	1.3983
34789	1.399
34792	1.3987
34793	1.394
34794	1.392
34795	1.3895
34796	1.3915
34799	1.3837
34800	1.3799
34801	1.3773
34802	1.3735
34806	1.3662
34807	1.3693
34808	1.3709
34809	1.3706
34810	1.3681
34813	1.3655
34814	1.365
34815	1.363
34816	1.363
34817	1.3596
34820	1.3554
34821	1.3574
34822	1.3641
34823	1.3641
34824	1.354
34827	1.358
34828	1.358
34829	1.3567
34830	1.3511
34831	1.3533
34834	1.3588
34835	1.3562
34836	1.3565
34837	1.3568
34838	1.3567
34842	1.3647
34843	1.3651
34844	1.3695
34845	1.3728
34848	1.3689
34849	1.3708
34850	1.3696
34851	1.3726
34852	1.3758
34855	1.3769
34856	1.3807
34857	1.3802
34858	1.3736
34859	1.3766
34862	1.3793
34863	1.3839
34864	1.381
34865	1.3768
34866	1.3822
34869	1.381
34870	1.3795
34871	1.3759
34872	1.3759
34873	1.3742
34876	1.3722
34877	1.3752
34878	1.3752
34879	1.3761
34880	1.3734
34884	1.3718
34885	1.3699
34886	1.3692
34887	1.3637
34890	1.3516
34891	1.3539
34892	1.3552
34893	1.359
34894	1.3591
34897	1.3558
34898	1.3603
34899	1.3601
34900	1.3633
34901	1.3595
34904	1.3578
34905	1.3556
34906	1.3556
34907	1.3602
34908	1.364
34911	1.3697
34912	1.3669
34913	1.3569
34914	1.3586
34915	1.356
34919	1.3561
34920	1.3603
34921	1.358
34922	1.3586
34925	1.363
34926	1.3604
34927	1.3584
34928	1.3588
34929	1.3591
34932	1.3588
34933	1.3574
34934	1.358
34935	1.3564
34936	1.3458
34939	1.3403
34940	1.3396
34941	1.338
34942	1.343
34943	1.343
34947	1.3427
34948	1.3391
34949	1.3387
34950	1.3446
34953	1.343
34954	1.3451
34955	1.3543
34956	1.3692
34957	1.366
34960	1.364
34961	1.359
34962	1.3608
34963	1.357
34964	1.352
34967	1.3461
34968	1.3458
34969	1.3493
34970	1.3512
34971	1.3438
34974	1.3391
34975	1.3282
34976	1.3308
34977	1.3351
34978	1.3312
34982	1.3355
34983	1.3371
34984	1.3373
34985	1.337
34988	1.3371
34989	1.3385
34990	1.339
34991	1.337
34992	1.3505
34995	1.3683
34996	1.3705
34997	1.3664
34998	1.3657
34999	1.37
35002	1.3616
35003	1.3395
35004	1.3475
35005	1.3424
35006	1.3473
35009	1.3512
35010	1.3586
35011	1.3572
35012	1.3556
35013	1.3517
35017	1.3534
35018	1.3554
35019	1.3557
35020	1.3517
35023	1.3513
35024	1.3527
35025	1.3529
35026	1.3538
35027	1.3537
35030	1.3517
35031	1.356
35032	1.3585
35033	1.3584
35034	1.3658
35037	1.3661
35038	1.367
35039	1.3654
35040	1.3684
35041	1.3757
35044	1.3797
35045	1.3772
35046	1.3762
35047	1.3742
35048	1.3743
35051	1.3759
35052	1.3767
35053	1.3671
35054	1.3615
35055	1.3633
35060	1.3595
35061	1.3607
35062	1.3652
35066	1.357
35067	1.3525
35068	1.3538
35069	1.357
35073	1.3613
35074	1.3647
35075	1.365
35076	1.3624
35079	1.364
35080	1.3666
35081	1.3687
35082	1.3636
35083	1.365
35086	1.3687
35087	1.371
35088	1.371
35089	1.3768
35090	1.3821
35093	1.3814
35094	1.3772
35095	1.3743
35096	1.3737
35097	1.3746
35100	1.3776
35101	1.3735
35102	1.3659
35103	1.3695
35104	1.3721
35107	1.3726
35108	1.372
35109	1.3787
35110	1.3787
35111	1.3817
35114	1.386
35115	1.3811
35116	1.3785
35117	1.3755
35118	1.3771
35121	1.3752
35122	1.3745
35123	1.3748
35124	1.3722
35125	1.3703
35128	1.3713
35129	1.3713
35130	1.3716
35131	1.3708
35132	1.3666
35135	1.3668
35136	1.3677
35137	1.3675
35138	1.3676
35139	1.3636
35142	1.3593
35143	1.3587
35144	1.3597
35145	1.361
35146	1.362
35149	1.3624
35150	1.3635
35151	1.3633
35152	1.3632
35153	1.3632
35156	1.3547
35157	1.3556
35158	1.3569
35159	1.358
35163	1.3581
35164	1.3587
35165	1.3568
35166	1.3564
35167	1.3565
35170	1.356
35171	1.3571
35172	1.3564
35173	1.3614
35174	1.3613
35177	1.3623
35178	1.3621
35179	1.3618
35180	1.3643
35181	1.3626
35184	1.3626
35185	1.3614
35186	1.3623
35187	1.362
35188	1.363
35191	1.3655
35192	1.3664
35193	1.3681
35194	1.3675
35195	1.3663
35198	1.3683
35199	1.37
35200	1.3683
35201	1.368
35202	1.3698
35206	1.3723
35207	1.3722
35208	1.3751
35209	1.3743
35212	1.3733
35213	1.3764
35214	1.3715
35215	1.3681
35216	1.3703
35219	1.3689
35220	1.369
35221	1.3657
35222	1.3642
35223	1.3667
35226	1.3638
35227	1.3653
35228	1.3666
35229	1.3687
35230	1.3661
35233	1.3663
35234	1.3688
35235	1.368
35236	1.3672
35237	1.3652
35240	1.3611
35241	1.3595
35242	1.3609
35243	1.3628
35244	1.3651
35247	1.3712
35248	1.3633
35249	1.3608
35251	1.3679
35254	1.3708
35255	1.3698
35256	1.3689
35257	1.3703
35258	1.3693
35261	1.3695
35262	1.3714
35263	1.3725
35264	1.367
35265	1.3673
35268	1.3674
35269	1.3715
35270	1.3717
35271	1.3725
35272	1.3744
35275	1.3722
35276	1.3736
35277	1.3748
35279	1.375
35283	1.3742
35284	1.372
35285	1.3721
35286	1.3713
35289	1.3712
35290	1.3746
35291	1.3745
35292	1.3773
35293	1.3738
35296	1.3735
35297	1.3733
35298	1.374
35299	1.3714
35300	1.3697
35303	1.3706
35304	1.3675
35305	1.3662
35306	1.3666
35307	1.3684
35311	1.3698
35312	1.3699
35313	1.37
35314	1.3735
35317	1.3725
35318	1.3708
35319	1.3716
35320	1.3713
35321	1.3703
35324	1.3704
35325	1.3709
35326	1.3718
35327	1.371
35328	1.3678
35331	1.36662
35332	1.3675
35333	1.3665
35334	1.3676
35335	1.3637
35338	1.3622
35339	1.362
35340	1.3617
35341	1.3608
35342	1.3553
35345	1.3535
35346	1.3547
35347	1.3545
35348	1.3512
35349	1.3526
35353	1.3539
35354	1.3554
35355	1.3522
35356	1.3491
35359	1.3471
35360	1.3446
35361	1.3438
35362	1.3456
35363	1.3442
35366	1.3448
35367	1.3451
35368	1.3411
35369	1.3408
35370	1.335
35373	1.3357
35374	1.3328
35375	1.3306
35376	1.3321
35377	1.3316
35381	1.3346
35382	1.3336
35383	1.3338
35384	1.3374
35387	1.3417
35388	1.3421
35389	1.3423
35390	1.339
35391	1.3393
35394	1.341
35395	1.3421
35396	1.3467
35397	1.3472
35398	1.3488
35401	1.351
35402	1.3486
35403	1.352
35404	1.358
35405	1.3591
35408	1.3554
35409	1.3567
35410	1.362
35411	1.3569
35412	1.3621
35415	1.3659
35416	1.3658
35417	1.3667
35418	1.3685
35419	1.3676
35422	1.3672
35423	1.3654
35426	1.3695
35429	1.3683
35430	1.3696
35432	1.3737
35433	1.3738
35436	1.3679
35437	1.3568
35438	1.3533
35439	1.3516
35440	1.3478
35443	1.3487
35444	1.3503
35445	1.3419
35446	1.3389
35447	1.3395
35450	1.3368
35451	1.3386
35452	1.3353
35453	1.3414
35454	1.3485
35457	1.3439
35458	1.3403
35459	1.3453
35460	1.3479
35461	1.3473
35464	1.3432
35465	1.3431
35466	1.3431
35467	1.3482
35468	1.3492
35471	1.3518
35472	1.3556
35473	1.3554
35474	1.3529
35475	1.3498
35478	1.3516
35479	1.3575
35480	1.3595
35481	1.3596
35482	1.3622
35485	1.3619
35486	1.3596
35487	1.3659
35488	1.3674
35489	1.3665
35492	1.3672
35493	1.3699
35494	1.3681
35495	1.3644
35496	1.368
35499	1.371
35500	1.3666
35501	1.3636
35502	1.3631
35503	1.3632
35506	1.3694
35507	1.3739
35508	1.3785
35509	1.3788
35510	1.3799
35513	1.378
35514	1.3775
35515	1.3742
35516	1.3771
35520	1.3843
35521	1.3862
35522	1.3875
35523	1.3886
35524	1.392
35527	1.3893
35528	1.3878
35529	1.3876
35530	1.3914
35531	1.3976
35534	1.3985
35535	1.3966
35536	1.3975
35537	1.3973
35538	1.3993
35541	1.3976
35542	1.3955
35543	1.394
35544	1.3927
35545	1.3965
35548	1.3995
35549	1.3976
35550	1.397
35551	1.3884
35552	1.3831
35555	1.3831
35556	1.3778
35557	1.3816
35558	1.3831
35559	1.3916
35562	1.3896
35563	1.3859
35564	1.3853
35565	1.379
35566	1.37
35570	1.3754
35571	1.3669
35572	1.3716
35573	1.3749
35576	1.3768
35577	1.3822
35578	1.3837
35579	1.381
35580	1.3809
35583	1.3776
35584	1.3738
35585	1.3757
35586	1.3761
35587	1.3839
35590	1.3865
35591	1.3863
35592	1.3869
35593	1.3823
35594	1.3785
35597	1.3842
35598	1.3857
35599	1.3869
35600	1.3882
35601	1.3926
35604	1.3892
35605	1.3908
35606	1.3948
35607	1.3813
35608	1.3812
35611	1.3811
35613	1.3773
35614	1.3732
35615	1.3742
35618	1.3761
35619	1.3743
35620	1.3728
35621	1.3734
35622	1.3704
35625	1.3685
35626	1.3704
35627	1.3735
35628	1.3781
35629	1.3743
35632	1.3745
35633	1.3817
35634	1.3811
35635	1.3832
35636	1.3849
35639	1.3865
35640	1.3853
35641	1.3812
35642	1.3814
35643	1.3794
35647	1.3812
35648	1.3867
35649	1.3873
35650	1.3927
35653	1.393
35654	1.3931
35655	1.3942
35656	1.3905
35657	1.3903
35660	1.3882
35661	1.3944
35662	1.3938
35663	1.3953
35664	1.3948
35667	1.3915
35668	1.3947
35669	1.3918
35670	1.3876
35671	1.3885
35675	1.3842
35676	1.3831
35677	1.3853
35678	1.3822
35681	1.3829
35682	1.3843
35683	1.3849
35684	1.3917
35685	1.3933
35688	1.3918
35689	1.3916
35690	1.3885
35691	1.3915
35692	1.39
35695	1.3884
35696	1.39
35697	1.3873
35698	1.384
35699	1.3837
35702	1.3844
35703	1.382
35704	1.3788
35705	1.3743
35706	1.3715
35709	1.3714
35710	1.3727
35711	1.3724
35712	1.3748
35713	1.3792
35717	1.382
35718	1.3862
35719	1.3866
35720	1.3859
35723	1.3848
35724	1.3888
35725	1.3911
35726	1.3895
35727	1.3916
35730	1.3998
35731	1.4088
35732	1.4025
35733	1.407
35734	1.4092
35737	1.4068
35738	1.4037
35739	1.4002
35740	1.4018
35741	1.4094
35744	1.4073
35746	1.4088
35747	1.4079
35748	1.4125
35751	1.4146
35752	1.4142
35753	1.415
35754	1.4208
35755	1.4167
35758	1.4209
35759	1.4178
35760	1.4248
35761	1.4244
35762	1.4242
35765	1.4246
35766	1.4216
35767	1.4178
35768	1.4224
35769	1.4227
35772	1.4219
35773	1.4223
35774	1.424
35775	1.4276
35776	1.4207
35779	1.4209
35780	1.4236
35781	1.4228
35782	1.4243
35783	1.4332
35786	1.4345
35787	1.4358
35788	1.4352
35793	1.4392
35794	1.4365
35795	1.4291
35797	1.425
35800	1.4268
35801	1.4311
35802	1.4302
35803	1.4312
35804	1.4264
35807	1.4343
35808	1.436
35809	1.4345
35810	1.4367
35811	1.4363
35814	1.4382
35815	1.4391
35816	1.4438
35817	1.4508
35818	1.4555
35821	1.45
35822	1.4542
35823	1.4567
35824	1.4639
35825	1.4563
35828	1.4526
35829	1.4509
35830	1.4471
35831	1.4391
35832	1.4285
35835	1.4355
35836	1.429
35837	1.4365
35838	1.4383
35839	1.443
35842	1.4455
35843	1.4402
35844	1.4348
35845	1.423
35846	1.4203
35849	1.4244
35850	1.4222
35851	1.4236
35852	1.4214
35853	1.4235
35856	1.4216
35857	1.4184
35858	1.4219
35859	1.4204
35860	1.4182
35863	1.4143
35864	1.414
35865	1.4075
35866	1.411
35867	1.4096
35870	1.4135
35871	1.4165
35872	1.4186
35873	1.4178
35874	1.418
35877	1.4217
35878	1.4191
35879	1.41
35880	1.4121
35881	1.415
35884	1.4223
35885	1.4166
35886	1.4173
35887	1.419
35891	1.4184
35892	1.4222
35893	1.4245
35894	1.425
35898	1.4321
35899	1.4348
35900	1.4393
35901	1.4367
35902	1.4295
35905	1.4279
35906	1.4309
35907	1.4325
35908	1.4345
35909	1.4353
35912	1.4387
35913	1.4387
35914	1.4376
35915	1.4302
35916	1.4336
35919	1.4349
35920	1.4387
35921	1.4387
35922	1.4399
35923	1.4368
35926	1.4334
35927	1.432
35928	1.4444
35929	1.4478
35930	1.4505
35934	1.45
35935	1.4498
35936	1.4473
35937	1.4496
35940	1.4493
35941	1.4543
35942	1.4565
35943	1.4553
35944	1.4571
35947	1.4565
35948	1.454
35949	1.453
35950	1.4555
35951	1.4584
35954	1.4588
35955	1.4602
35956	1.4666
35957	1.4699
35958	1.4684
35961	1.4736
35962	1.4705
35963	1.4634
35964	1.4685
35965	1.4697
35968	1.4711
35969	1.4696
35970	1.4697
35971	1.4666
35972	1.4693
35975	1.4718
35976	1.4716
35978	1.4677
35979	1.4673
35982	1.4732
35983	1.4728
35984	1.4745
35985	1.476
35986	1.4795
35989	1.4785
35990	1.4789
35991	1.4848
35992	1.4888
35993	1.4883
35996	1.4878
35997	1.492
35998	1.4954
35999	1.4955
36000	1.498
36003	1.5035
36004	1.5025
36005	1.5034
36006	1.5083
36007	1.5111
36011	1.5138
36012	1.516
36013	1.5287
36014	1.522
36017	1.5176
36018	1.5211
36019	1.515
36020	1.5172
36021	1.5187
36024	1.524
36025	1.5285
36026	1.5332
36027	1.5297
36028	1.5418
36031	1.549
36032	1.5506
36033	1.5622
36034	1.5765
36035	1.568
36038	1.5722
36039	1.5533
36040	1.537
36041	1.5392
36042	1.5257
36046	1.5259
36047	1.5204
36048	1.514
36049	1.5128
36052	1.5161
36053	1.4997
36054	1.5034
36055	1.5259
36056	1.5293
36059	1.5273
36060	1.5294
36061	1.5268
36062	1.5118
36063	1.5125
36066	1.511
36067	1.5009
36068	1.5259
36069	1.536
36070	1.5508
36073	1.5578
36074	1.5517
36075	1.5288
36076	1.5428
36077	1.5465
36081	1.548
36082	1.5455
36083	1.546
36084	1.543
36087	1.549
36088	1.5385
36089	1.554
36090	1.5433
36091	1.5446
36094	1.545
36095	1.5405
36096	1.5421
36097	1.5495
36098	1.5425
36101	1.5318
36102	1.5238
36103	1.5238
36104	1.5176
36105	1.5315
36108	1.5347
36109	1.5457
36111	1.5482
36112	1.5522
36115	1.5533
36116	1.5492
36117	1.5555
36118	1.5494
36119	1.5448
36122	1.5468
36123	1.5479
36124	1.5445
36125	1.527
36126	1.536
36129	1.5237
36130	1.533
36131	1.5367
36132	1.5335
36133	1.534
36136	1.5373
36137	1.5446
36138	1.543
36139	1.5409
36140	1.5414
36143	1.54
36144	1.5418
36145	1.5387
36146	1.5423
36147	1.5445
36150	1.5488
36151	1.5527
36152	1.5515
36153	1.5512
36158	1.5514
36159	1.5488
36160	1.5305
36164	1.5263
36165	1.5199
36166	1.5103
36167	1.5118
36168	1.5135
36171	1.5058
36172	1.5089
36173	1.5288
36174	1.529
36175	1.5284
36178	1.5294
36179	1.5298
36180	1.5223
36181	1.5132
36182	1.5178
36185	1.5145
36186	1.5203
36187	1.5207
36188	1.526
36189	1.5074
36192	1.5084
36193	1.5084
36194	1.5134
36195	1.4932
36196	1.4878
36199	1.4876
36200	1.4932
36201	1.4935
36202	1.489
36203	1.4921
36206	1.4938
36207	1.4995
36208	1.4993
36209	1.487
36210	1.4903
36213	1.4968
36214	1.4966
36215	1.4986
36216	1.5057
36217	1.5074
36220	1.5229
36221	1.52
36222	1.527
36223	1.5254
36224	1.5168
36227	1.5155
36228	1.5169
36229	1.5239
36230	1.5225
36231	1.5238
36234	1.5275
36235	1.5285
36236	1.5217
36237	1.5197
36238	1.5153
36241	1.507
36242	1.5063
36243	1.5039
36244	1.5102
36245	1.5134
36248	1.5126
36249	1.5125
36250	1.5092
36251	1.5008
36255	1.499
36256	1.5034
36257	1.5006
36258	1.4989
36259	1.502
36262	1.4942
36263	1.4901
36264	1.4929
36265	1.4905
36266	1.4854
36270	1.4895
36271	1.4891
36272	1.4811
36273	1.4764
36276	1.479
36277	1.4786
36278	1.4765
36279	1.4667
36280	1.4576
36283	1.4505
36284	1.4532
36285	1.456
36286	1.456
36287	1.4583
36290	1.4597
36291	1.4545
36292	1.4608
36293	1.4599
36294	1.4638
36297	1.4603
36298	1.4605
36299	1.4659
36300	1.4657
36301	1.4595
36305	1.4598
36306	1.4724
36307	1.4751
36308	1.472
36311	1.477
36312	1.4835
36313	1.4801
36314	1.4762
36315	1.4697
36318	1.473
36319	1.4698
36320	1.4722
36321	1.4602
36322	1.4604
36325	1.4598
36326	1.4645
36327	1.4587
36328	1.461
36329	1.4642
36332	1.4725
36333	1.47
36334	1.4733
36335	1.4707
36336	1.4632
36339	1.4694
36340	1.4757
36341	1.472
36342	1.472
36343	1.4645
36346	1.4673
36347	1.4682
36348	1.47
36349	1.4697
36350	1.4731
36353	1.4813
36354	1.4825
36355	1.4807
36356	1.4824
36357	1.4824
36360	1.4916
36361	1.4914
36362	1.501
36363	1.5025
36364	1.5075
36367	1.5098
36368	1.5132
36369	1.511
36370	1.508
36371	1.5063
36375	1.4945
36376	1.4895
36377	1.4945
36378	1.5038
36381	1.5031
36382	1.4723
36383	1.4907
36384	1.4847
36385	1.4777
36388	1.4813
36389	1.4787
36390	1.483
36391	1.4935
36392	1.4941
36395	1.4955
36396	1.4957
36397	1.4959
36398	1.5026
36399	1.492
36402	1.4927
36403	1.4958
36404	1.4857
36405	1.4942
36406	1.4908
36410	1.4934
36411	1.4874
36412	1.4803
36413	1.4748
36416	1.47
36417	1.4737
36418	1.4754
36419	1.476
36420	1.474
36423	1.479
36424	1.4722
36425	1.4682
36426	1.4753
36427	1.4736
36430	1.4713
36431	1.4643
36432	1.4637
36433	1.47
36434	1.4723
36437	1.4698
36438	1.4686
36439	1.4695
36440	1.4713
36441	1.4737
36445	1.475
36446	1.4812
36447	1.4819
36448	1.4852
36451	1.4949
36452	1.4908
36453	1.4902
36454	1.4849
36455	1.4764
36458	1.4742
36459	1.4713
36460	1.4709
36461	1.4722
36462	1.4718
36465	1.4683
36466	1.4687
36467	1.4687
36468	1.4649
36469	1.4629
36472	1.4685
36473	1.4738
36474	1.4714
36476	1.4617
36479	1.465
36480	1.4694
36481	1.4674
36482	1.464
36483	1.4623
36486	1.4618
36487	1.4647
36488	1.4687
36489	1.4685
36490	1.4682
36493	1.4748
36494	1.4728
36495	1.4742
36496	1.4799
36497	1.4791
36500	1.4742
36501	1.4749
36502	1.4793
36503	1.474
36504	1.4783
36507	1.4796
36508	1.482
36509	1.4832
36510	1.4785
36511	1.4776
36514	1.4797
36515	1.4786
36516	1.4765
36517	1.4735
36518	1.4682
36523	1.4507
36524	1.453
36525	1.4433
36529	1.452
36530	1.4513
36531	1.4571
36532	1.46
36535	1.4564
36536	1.4573
36537	1.4547
36538	1.4494
36539	1.4493
36542	1.4508
36543	1.4501
36544	1.4523
36545	1.448
36546	1.4395
36549	1.44
36550	1.439
36551	1.4378
36552	1.4341
36553	1.4483
36556	1.4512
36557	1.4479
36558	1.443
36559	1.4413
36560	1.4465
36563	1.4455
36564	1.4475
36565	1.4444
36566	1.45
36567	1.4512
36570	1.4546
36571	1.4582
36572	1.4516
36573	1.4522
36574	1.4508
36577	1.4533
36578	1.4587
36579	1.4644
36580	1.4579
36581	1.4504
36584	1.4542
36585	1.4488
36586	1.4473
36587	1.4537
36588	1.4507
36591	1.455
36592	1.4527
36593	1.4589
36594	1.4571
36595	1.4574
36598	1.4611
36599	1.4629
36600	1.4679
36601	1.4721
36602	1.4732
36605	1.4701
36606	1.466
36607	1.4718
36608	1.4727
36609	1.4649
36612	1.4603
36613	1.454
36614	1.4553
36615	1.4548
36616	1.4535
36619	1.4547
36620	1.4529
36621	1.4545
36622	1.4518
36623	1.4575
36626	1.4611
36627	1.4639
36628	1.4622
36629	1.466
36630	1.4764
36633	1.4848
36634	1.4839
36635	1.476
36636	1.4726
36640	1.476
36641	1.4699
36642	1.4756
36643	1.479
36644	1.4811
36647	1.4783
36648	1.4854
36649	1.492
36650	1.4976
36651	1.4976
36654	1.4925
36655	1.4945
36656	1.4957
36657	1.4894
36658	1.487
36661	1.489
36662	1.4858
36663	1.4987
36664	1.5005
36665	1.4953
36669	1.5035
36670	1.5081
36671	1.5057
36672	1.504
36675	1.4984
36676	1.5035
36677	1.4978
36678	1.4911
36679	1.478
36682	1.478
36683	1.4777
36684	1.4784
36685	1.4802
36686	1.4763
36689	1.4761
36690	1.4691
36691	1.4694
36692	1.4756
36693	1.4704
36696	1.4653
36697	1.4706
36698	1.473
36699	1.473
36700	1.4792
36703	1.4821
36704	1.4825
36705	1.4835
36706	1.4817
36707	1.4793
36711	1.4839
36712	1.4907
36713	1.4853
36714	1.4811
36717	1.48
36718	1.4782
36719	1.481
36720	1.4806
36721	1.4842
36724	1.481
36725	1.478
36726	1.4756
36727	1.475
36728	1.4715
36731	1.4641
36732	1.4652
36733	1.4664
36734	1.4708
36735	1.4773
36738	1.4872
36739	1.4888
36740	1.481
36741	1.4841
36742	1.4888
36746	1.4888
36747	1.485
36748	1.4823
36749	1.4838
36752	1.4848
36753	1.4871
36754	1.477
36755	1.4757
36756	1.4744
36759	1.4769
36760	1.4754
36761	1.4875
36762	1.4869
36763	1.4826
36766	1.4843
36767	1.487
36768	1.4795
36769	1.4722
36770	1.4735
36774	1.4755
36775	1.4836
36776	1.4775
36777	1.4777
36780	1.4799
36781	1.4811
36782	1.4835
36783	1.4865
36784	1.4843
36787	1.4891
36788	1.4878
36789	1.483
36790	1.4872
36791	1.4903
36794	1.4889
36795	1.488
36796	1.4959
36797	1.503
36798	1.507
36801	1.5101
36802	1.5055
36803	1.4985
36804	1.4954
36805	1.501
36809	1.5011
36810	1.5042
36811	1.5084
36812	1.5133
36815	1.5191
36816	1.5188
36817	1.52
36818	1.5109
36819	1.5129
36822	1.5083
36823	1.5115
36824	1.5154
36825	1.5185
36826	1.5272
36829	1.531
36830	1.5271
36831	1.5265
36832	1.5331
36833	1.5341
36836	1.5298
36837	1.5316
36838	1.5427
36839	1.5454
36840	1.5455
36844	1.5446
36845	1.5507
36846	1.5523
36847	1.5593
36850	1.5589
36851	1.5547
36852	1.5476
36853	1.5432
36854	1.5392
36857	1.5346
36858	1.5369
36859	1.5404
36860	1.5356
36861	1.5476
36864	1.5387
36865	1.5435
36866	1.5321
36867	1.5224
36868	1.5193
36871	1.5222
36872	1.5247
36873	1.5207
36874	1.5169
36875	1.5176
36878	1.5254
36879	1.5217
36880	1.5219
36881	1.5219
36882	1.5167
36887	1.5109
36888	1.5071
36889	1.5002
36893	1.4963
36894	1.4978
36895	1.4978
36896	1.5002
36899	1.4948
36900	1.4974
36901	1.5001
36902	1.4976
36903	1.4966
36906	1.5045
36907	1.5044
36908	1.5121
36909	1.516
36910	1.5144
36913	1.5066
36914	1.5066
36915	1.5124
36916	1.5076
36917	1.5063
36920	1.5009
36921	1.4985
36922	1.5
36923	1.4949
36924	1.4936
36927	1.5046
36928	1.5079
36929	1.5096
36930	1.5112
36931	1.5083
36934	1.5193
36935	1.5212
36936	1.5254
36937	1.5276
36938	1.5368
36941	1.5359
36942	1.5392
36943	1.5366
36944	1.538
36945	1.5374
36948	1.5313
36949	1.5259
36950	1.5316
36951	1.5458
36952	1.5484
36955	1.5473
36956	1.538
36957	1.549
36958	1.5492
36959	1.5483
36962	1.5508
36963	1.5471
36964	1.5533
36965	1.5596
36966	1.567
36969	1.5697
36970	1.5607
36971	1.5726
36972	1.5732
36973	1.5664
36976	1.5547
36977	1.5693
36978	1.567
36979	1.5722
36980	1.5774
36983	1.5749
36984	1.5789
36985	1.5694
36986	1.5787
36987	1.5613
36990	1.5642
36991	1.5562
36992	1.562
36993	1.5599
36997	1.5621
36998	1.5579
36999	1.5693
37000	1.5472
37001	1.5434
37004	1.5464
37005	1.5482
37006	1.5473
37007	1.5451
37008	1.5417
37011	1.5356
37012	1.5338
37013	1.5309
37014	1.5329
37015	1.5349
37018	1.5403
37019	1.5444
37020	1.5404
37021	1.539
37022	1.5503
37025	1.554
37026	1.5491
37027	1.5399
37028	1.5358
37029	1.533
37033	1.5407
37034	1.5458
37035	1.5473
37036	1.5452
37039	1.5453
37040	1.5373
37041	1.546
37042	1.5457
37043	1.532
37046	1.5357
37047	1.5327
37048	1.5246
37049	1.5209
37050	1.521
37053	1.5161
37054	1.5244
37055	1.5181
37056	1.5214
37057	1.5219
37060	1.5335
37061	1.5329
37062	1.5308
37063	1.5264
37064	1.5289
37067	1.5187
37068	1.5145
37069	1.5169
37070	1.5232
37071	1.5177
37075	1.5124
37076	1.511
37077	1.5099
37078	1.5198
37081	1.5211
37082	1.5211
37083	1.5248
37084	1.528
37085	1.5393
37088	1.5397
37089	1.5403
37090	1.535
37091	1.5417
37092	1.5448
37095	1.5446
37096	1.5381
37097	1.5375
37098	1.5335
37099	1.5346
37102	1.5302
37103	1.5303
37104	1.5358
37105	1.5412
37106	1.5348
37110	1.534
37111	1.5334
37112	1.5389
37113	1.5402
37116	1.5386
37117	1.541
37118	1.529
37119	1.5311
37120	1.5419
37123	1.5457
37124	1.5488
37125	1.5436
37126	1.5423
37127	1.541
37130	1.5422
37131	1.5401
37132	1.546
37133	1.5462
37134	1.5477
37138	1.5528
37139	1.5601
37140	1.5584
37141	1.5677
37144	1.5654
37145	1.566
37146	1.5592
37147	1.5686
37148	1.5643
37151	1.5689
37152	1.5708
37153	1.5713
37154	1.5703
37155	1.5705
37158	1.5692
37159	1.5712
37160	1.5729
37161	1.5793
37162	1.579
37165	1.5789
37166	1.5688
37167	1.5681
37168	1.5663
37169	1.5616
37173	1.5637
37174	1.5679
37175	1.5684
37176	1.5657
37179	1.5579
37180	1.5619
37181	1.5685
37182	1.576
37183	1.5758
37186	1.5783
37187	1.572
37188	1.5745
37189	1.5768
37190	1.5752
37193	1.5746
37194	1.5783
37195	1.5867
37196	1.591
37197	1.5922
37200	1.5956
37201	1.5936
37202	1.5936
37203	1.5981
37204	1.6021
37208	1.5981
37209	1.5916
37210	1.5868
37211	1.5875
37214	1.5845
37215	1.5933
37216	1.6014
37217	1.5995
37218	1.5981
37221	1.6
37222	1.5948
37223	1.5847
37224	1.5826
37225	1.5718
37228	1.576
37229	1.5723
37230	1.5714
37231	1.5767
37232	1.5724
37235	1.5783
37236	1.5778
37237	1.5654
37238	1.5677
37239	1.5633
37242	1.5646
37243	1.573
37244	1.5742
37245	1.5775
37246	1.5846
37249	1.5935
37252	1.595
37253	1.5956
37256	1.5926
37258	1.5979
37259	1.5968
37260	1.5975
37263	1.5979
37264	1.595
37265	1.5962
37266	1.6011
37267	1.5972
37270	1.5971
37271	1.5897
37272	1.5947
37273	1.6107
37274	1.6132
37277	1.6128
37278	1.6083
37279	1.6039
37280	1.602
37281	1.6079
37284	1.6125
37285	1.5904
37286	1.5912
37287	1.5923
37288	1.5907
37291	1.5915
37292	1.5978
37293	1.604
37294	1.5988
37295	1.5974
37298	1.5898
37299	1.5918
37300	1.5906
37301	1.592
37302	1.5912
37305	1.5911
37306	1.5885
37307	1.5905
37308	1.5913
37309	1.5943
37312	1.6016
37313	1.611
37314	1.6083
37315	1.6047
37316	1.5952
37319	1.5895
37320	1.5902
37321	1.5832
37322	1.5823
37323	1.5856
37326	1.5842
37327	1.5855
37328	1.5932
37329	1.5935
37330	1.5858
37333	1.5878
37334	1.5839
37335	1.5791
37336	1.5807
37337	1.5767
37340	1.5852
37341	1.5921
37342	1.5933
37343	1.5935
37347	1.5994
37348	1.5928
37349	1.5889
37350	1.5926
37351	1.5901
37354	1.5941
37355	1.5968
37356	1.5933
37357	1.5875
37358	1.5878
37361	1.5892
37362	1.5798
37363	1.5743
37364	1.5746
37365	1.5719
37368	1.5728
37369	1.5752
37370	1.5682
37371	1.5634
37372	1.5632
37375	1.5662
37376	1.5678
37377	1.5579
37378	1.5618
37379	1.5648
37382	1.5683
37383	1.57
37384	1.5705
37385	1.5685
37386	1.5576
37389	1.5583
37390	1.5586
37391	1.5559
37392	1.5546
37393	1.5424
37397	1.5382
37398	1.536
37399	1.5335
37400	1.5348
37403	1.5345
37404	1.5302
37405	1.5346
37406	1.5339
37407	1.5275
37410	1.528
37411	1.5279
37412	1.5351
37413	1.5325
37414	1.5323
37417	1.538
37418	1.5382
37419	1.5362
37420	1.5394
37421	1.55
37424	1.5473
37425	1.5441
37426	1.5414
37427	1.5314
37428	1.523
37431	1.5168
37432	1.5217
37433	1.5207
37434	1.511
37435	1.5187
37439	1.526
37440	1.529
37441	1.5321
37442	1.5239
37445	1.5208
37446	1.5144
37447	1.5199
37448	1.522
37449	1.5302
37452	1.5366
37453	1.5348
37454	1.5391
37455	1.5441
37456	1.5385
37459	1.556
37460	1.5785
37461	1.576
37462	1.5726
37463	1.5865
37466	1.5722
37467	1.5731
37468	1.5843
37469	1.5869
37470	1.5882
37474	1.5933
37475	1.5808
37476	1.5814
37477	1.5723
37480	1.574
37481	1.5658
37482	1.5649
37483	1.5582
37484	1.5601
37487	1.571
37488	1.5715
37489	1.5587
37490	1.5566
37491	1.5558
37494	1.5571
37495	1.552
37496	1.5597
37497	1.5595
37498	1.5589
37502	1.5543
37503	1.5663
37504	1.5672
37505	1.5634
37508	1.5656
37509	1.572
37510	1.5755
37511	1.5849
37512	1.5857
37515	1.5825
37516	1.5792
37517	1.5833
37518	1.5725
37519	1.573
37522	1.5845
37523	1.5855
37524	1.581
37525	1.577
37526	1.5777
37529	1.5858
37530	1.586
37531	1.5855
37532	1.5902
37533	1.5942
37536	1.592
37537	1.5929
37538	1.5931
37539	1.5915
37540	1.5888
37544	1.5855
37545	1.584
37546	1.5723
37547	1.5721
37550	1.5674
37551	1.5679
37552	1.5687
37553	1.561
37554	1.5673
37557	1.5605
37558	1.5631
37559	1.5676
37560	1.5603
37561	1.5576
37564	1.555
37565	1.5562
37566	1.5582
37567	1.553
37568	1.5644
37572	1.5742
37573	1.5764
37574	1.5747
37575	1.5813
37578	1.5902
37579	1.5852
37580	1.5839
37581	1.5786
37582	1.5802
37585	1.5733
37586	1.5718
37587	1.5747
37588	1.5739
37589	1.5654
37592	1.5594
37593	1.557
37594	1.5574
37595	1.5611
37596	1.5657
37599	1.5615
37600	1.5611
37601	1.5558
37602	1.5548
37603	1.5602
37606	1.5625
37607	1.5509
37608	1.5537
37609	1.5475
37610	1.5524
37613	1.5504
37614	1.548
37617	1.5684
37620	1.5789
37621	1.5796
37623	1.5747
37624	1.5665
37627	1.5596
37628	1.5592
37629	1.5613
37630	1.5537
37631	1.55
37634	1.5418
37635	1.5397
37636	1.5352
37637	1.5363
37638	1.5354
37641	1.5347
37642	1.533
37643	1.532
37644	1.5238
37645	1.5221
37648	1.5248
37649	1.536
37650	1.5227
37651	1.5309
37652	1.529
37655	1.5201
37656	1.5143
37657	1.5195
37658	1.5215
37659	1.5211
37662	1.5311
37663	1.5301
37664	1.5287
37665	1.5195
37666	1.5188
37669	1.5209
37670	1.5148
37671	1.5142
37672	1.5043
37673	1.5054
37676	1.4943
37677	1.4926
37678	1.4935
37679	1.4952
37680	1.4871
37683	1.4846
37684	1.4772
37685	1.4723
37686	1.4711
37687	1.4662
37690	1.4656
37691	1.4721
37692	1.4723
37693	1.485
37694	1.4822
37697	1.4835
37698	1.4786
37699	1.4804
37700	1.4784
37701	1.4907
37704	1.4801
37705	1.4775
37706	1.471
37707	1.4682
37708	1.4678
37711	1.4693
37712	1.4726
37713	1.4761
37714	1.4752
37715	1.4719
37718	1.4846
37719	1.4679
37720	1.4678
37721	1.457
37722	1.4516
37725	1.4532
37726	1.4515
37727	1.4562
37728	1.4496
37732	1.4544
37733	1.4471
37734	1.451
37735	1.4579
37736	1.4532
37739	1.4501
37740	1.4457
37741	1.4335
37742	1.4188
37743	1.4223
37746	1.4132
37747	1.4082
37748	1.4009
37749	1.3952
37750	1.3927
37753	1.3887
37754	1.3898
37755	1.3787
37756	1.3761
37757	1.3667
37760	1.3667
37761	1.3446
37762	1.3495
37763	1.3682
37764	1.3775
37767	1.3744
37768	1.3746
37769	1.3866
37770	1.3769
37771	1.3708
37774	1.3695
37775	1.3758
37776	1.3574
37777	1.3401
37778	1.354
37781	1.3584
37782	1.3648
37783	1.3529
37784	1.3489
37785	1.3361
37788	1.3392
37789	1.3396
37790	1.3342
37791	1.3496
37792	1.3592
37795	1.3562
37796	1.361
37797	1.3427
37798	1.3539
37799	1.3489
37802	1.3553
37804	1.3363
37805	1.3365
37806	1.3409
37809	1.3484
37810	1.3691
37811	1.3749
37812	1.3821
37813	1.3761
37816	1.3739
37817	1.3929
37818	1.3861
37819	1.3971
37820	1.4114
37823	1.4052
37824	1.4116
37825	1.3991
37826	1.3962
37827	1.3812
37830	1.3819
37831	1.3855
37832	1.3997
37833	1.4073
37834	1.3964
37838	1.4043
37839	1.4058
37840	1.3932
37841	1.3935
37844	1.3835
37845	1.3852
37846	1.3837
37847	1.3934
37848	1.3872
37851	1.3909
37852	1.4009
37853	1.4024
37854	1.4074
37855	1.4099
37858	1.3979
37859	1.3932
37860	1.4021
37861	1.397
37862	1.3851
37866	1.3877
37867	1.3812
37868	1.3731
37869	1.3711
37872	1.3707
37873	1.3671
37874	1.3659
37875	1.371
37876	1.363
37879	1.3659
37880	1.369
37881	1.3661
37882	1.3641
37883	1.3472
37886	1.3471
37887	1.3564
37888	1.3543
37889	1.3472
37890	1.3546
37893	1.3546
37894	1.3504
37895	1.348
37896	1.3382
37897	1.3418
37900	1.3411
37901	1.3294
37902	1.3336
37903	1.3399
37904	1.3205
37908	1.3233
37909	1.3242
37910	1.3153
37911	1.3132
37914	1.3197
37915	1.3156
37916	1.3038
37917	1.3086
37918	1.3069
37921	1.3102
37922	1.3107
37923	1.3097
37924	1.3072
37925	1.3197
37928	1.3323
37929	1.332
37930	1.3313
37931	1.3359
37932	1.3237
37935	1.3106
37937	1.3004
37938	1.2996
37939	1.3038
37942	1.3137
37943	1.3024
37944	1.3035
37945	1.3023
37946	1.3039
37949	1.3206
37950	1.3131
37951	1.3043
37952	1.3083
37953	1.2973
37956	1.3023
37957	1.2982
37958	1.2996
37959	1.3122
37960	1.3045
37963	1.2963
37964	1.3092
37965	1.3079
37966	1.3263
37967	1.315
37970	1.3134
37971	1.3183
37972	1.3251
37973	1.3292
37974	1.3397
37977	1.3315
37978	1.324
37979	1.3107
37981	1.3107
37984	1.3104
37985	1.3033
37986	1.2924
37988	1.29
37991	1.2803
37992	1.2819
37993	1.2882
37994	1.2788
37995	1.2692
37998	1.2736
37999	1.2729
38000	1.2869
38001	1.2979
38002	1.2978
38005	1.3021
38006	1.2862
38007	1.3009
38008	1.2967
38009	1.3119
38012	1.3136
38013	1.3049
38014	1.3217
38015	1.3339
38016	1.3264
38019	1.3384
38020	1.3374
38021	1.3327
38022	1.3319
38023	1.3291
38026	1.3304
38027	1.3289
38028	1.3179
38029	1.3191
38030	1.315
38033	1.3147
38034	1.3102
38035	1.318
38036	1.3275
38037	1.344
38040	1.3357
38041	1.328
38042	1.337
38043	1.3432
38044	1.3401
38047	1.3391
38048	1.3431
38049	1.3476
38050	1.3324
38051	1.3186
38054	1.3229
38055	1.319
38056	1.327
38057	1.3227
38058	1.3375
38061	1.3324
38062	1.3334
38063	1.3411
38064	1.3292
38065	1.331
38068	1.3276
38069	1.3315
38070	1.3387
38071	1.3299
38072	1.32
38075	1.3091
38076	1.3079
38077	1.3105
38078	1.3101
38079	1.3156
38082	1.3147
38083	1.3093
38084	1.313
38085	1.326
38089	1.3375
38090	1.3359
38091	1.344
38092	1.3472
38093	1.3445
38096	1.3466
38097	1.3535
38098	1.3589
38099	1.3585
38100	1.3611
38103	1.3556
38104	1.3518
38105	1.3674
38106	1.3696
38107	1.3707
38110	1.3739
38111	1.3697
38112	1.3728
38113	1.378
38114	1.3856
38117	1.3931
38118	1.3866
38119	1.3878
38120	1.3968
38121	1.3925
38124	1.3851
38125	1.3912
38126	1.3766
38127	1.3704
38128	1.3731
38132	1.376
38133	1.3704
38134	1.3577
38135	1.3658
38138	1.3634
38139	1.3685
38140	1.3616
38141	1.3607
38142	1.3502
38145	1.3448
38146	1.3468
38147	1.3541
38148	1.3568
38149	1.3647
38152	1.3683
38153	1.369
38154	1.3773
38155	1.3753
38156	1.3644
38159	1.364
38160	1.359
38161	1.3616
38162	1.343
38163	1.3487
38166	1.3433
38167	1.346
38168	1.3404
38170	1.3252
38173	1.3256
38174	1.3264
38175	1.3196
38176	1.3163
38177	1.3209
38180	1.3187
38181	1.3259
38182	1.3221
38183	1.3235
38184	1.3086
38187	1.3079
38188	1.3098
38189	1.3242
38190	1.3131
38191	1.3217
38194	1.332
38195	1.3348
38196	1.3305
38197	1.3248
38198	1.3292
38202	1.3191
38203	1.3155
38204	1.3178
38205	1.3098
38208	1.3165
38209	1.3139
38210	1.3239
38211	1.3326
38212	1.3098
38215	1.3076
38216	1.3078
38217	1.3073
38218	1.2963
38219	1.2977
38222	1.3063
38223	1.305
38224	1.3041
38225	1.3119
38226	1.3103
38229	1.3173
38230	1.3167
38231	1.3068
38232	1.2996
38233	1.3006
38237	1.2876
38238	1.2902
38239	1.2875
38240	1.2877
38243	1.3003
38244	1.2917
38245	1.2988
38246	1.2894
38247	1.2997
38250	1.2941
38251	1.2884
38252	1.2817
38253	1.2782
38254	1.2758
38257	1.2737
38258	1.2755
38259	1.2725
38260	1.2639
38261	1.263
38264	1.2725
38265	1.2623
38266	1.2593
38267	1.2575
38268	1.2513
38272	1.2573
38273	1.2636
38274	1.2525
38275	1.2519
38278	1.2548
38279	1.2544
38280	1.2432
38281	1.2428
38282	1.2379
38285	1.2233
38286	1.2251
38287	1.2257
38288	1.2197
38289	1.2207
38292	1.223
38293	1.227
38294	1.2117
38295	1.2052
38296	1.1983
38299	1.1926
38300	1.1959
38301	1.198
38303	1.1925
38306	1.2031
38307	1.1934
38308	1.1924
38309	1.2074
38310	1.1916
38313	1.1844
38314	1.1865
38315	1.1814
38316	1.1804
38317	1.1774
38320	1.185
38321	1.1904
38322	1.1858
38323	1.1899
38324	1.1984
38327	1.2014
38328	1.2085
38329	1.2251
38330	1.2256
38331	1.2263
38334	1.2289
38335	1.2376
38336	1.223
38337	1.2355
38338	1.2262
38341	1.2294
38342	1.2271
38343	1.2413
38344	1.2357
38345	1.2295
38349	1.2295
38350	1.2163
38351	1.2062
38352	1.2036
38356	1.2252
38357	1.2238
38358	1.2373
38359	1.2341
38362	1.2198
38363	1.215
38364	1.1987
38365	1.2003
38366	1.2206
38369	1.2165
38370	1.2224
38371	1.2273
38372	1.2327
38373	1.2212
38376	1.226
38377	1.2383
38378	1.2307
38379	1.2367
38380	1.2421
38383	1.238
38384	1.2397
38385	1.2405
38386	1.2428
38387	1.2498
38390	1.2566
38391	1.248
38392	1.251
38393	1.2409
38394	1.2379
38397	1.2345
38398	1.2336
38399	1.2424
38400	1.23
38401	1.2299
38404	1.2338
38405	1.2299
38406	1.2383
38407	1.2416
38408	1.2408
38411	1.2314
38412	1.2429
38413	1.2401
38414	1.2462
38415	1.2326
38418	1.2293
38419	1.2169
38420	1.2065
38421	1.2048
38422	1.204
38425	1.2087
38426	1.2078
38427	1.2036
38428	1.2022
38429	1.2028
38432	1.2117
38433	1.2019
38434	1.2136
38435	1.2153
38439	1.2236
38440	1.2136
38441	1.2165
38442	1.2096
38443	1.2147
38446	1.2203
38447	1.2201
38448	1.2219
38449	1.2208
38450	1.2246
38453	1.2331
38454	1.2406
38455	1.2368
38456	1.2417
38457	1.2419
38460	1.2481
38461	1.241
38462	1.2393
38463	1.2391
38464	1.2342
38467	1.2375
38468	1.2464
38469	1.2466
38470	1.2508
38471	1.2569
38474	1.2555
38475	1.2547
38476	1.2506
38477	1.2449
38478	1.2432
38481	1.2378
38482	1.2372
38483	1.2475
38484	1.2494
38485	1.2624
38488	1.2704
38489	1.2665
38490	1.2618
38491	1.2623
38492	1.2631
38496	1.2611
38497	1.264
38498	1.2681
38499	1.2584
38502	1.2558
38503	1.251
38504	1.2471
38505	1.2476
38506	1.2486
38509	1.2448
38510	1.2472
38511	1.244
38512	1.255
38513	1.2493
38516	1.2577
38517	1.2554
38518	1.24
38519	1.2376
38520	1.2345
38523	1.232
38524	1.2308
38525	1.2355
38526	1.2311
38527	1.2326
38530	1.2308
38531	1.2312
38532	1.2263
38533	1.2256
38537	1.2401
38538	1.2432
38539	1.2362
38540	1.2287
38541	1.2208
38544	1.2114
38545	1.2051
38546	1.2072
38547	1.2073
38548	1.2206
38551	1.215
38552	1.2189
38553	1.2219
38554	1.2178
38555	1.2179
38558	1.2191
38559	1.2296
38560	1.2342
38561	1.234
38562	1.2259
38566	1.2125
38567	1.2129
38568	1.212
38569	1.2187
38572	1.2132
38573	1.2142
38574	1.2115
38575	1.2026
38576	1.1947
38579	1.197
38580	1.198
38581	1.2076
38582	1.2182
38583	1.2139
38586	1.2041
38587	1.1984
38588	1.1958
38589	1.1892
38590	1.1957
38593	1.197
38594	1.1924
38595	1.1889
38596	1.1849
38597	1.1882
38601	1.187
38602	1.1863
38603	1.1824
38604	1.1761
38607	1.1853
38608	1.1802
38609	1.1822
38610	1.1857
38611	1.183
38614	1.1694
38615	1.1703
38616	1.1693
38617	1.1672
38618	1.171
38621	1.1707
38622	1.1781
38623	1.1785
38624	1.1725
38625	1.1611
38628	1.1659
38629	1.1721
38630	1.1795
38631	1.1822
38632	1.1748
38636	1.1755
38637	1.1707
38638	1.1837
38639	1.1856
38642	1.1799
38643	1.1796
38644	1.1777
38645	1.1767
38646	1.1847
38649	1.1887
38650	1.177
38651	1.1703
38652	1.1697
38653	1.1771
38656	1.1801
38657	1.1767
38658	1.1802
38659	1.1818
38660	1.1811
38663	1.1901
38664	1.1886
38665	1.186
38666	1.1877
38670	1.1961
38671	1.194
38672	1.1918
38673	1.1863
38674	1.1902
38677	1.182
38678	1.1771
38679	1.1719
38680	1.1714
38681	1.1692
38684	1.1657
38685	1.1673
38686	1.1674
38687	1.1687
38688	1.1627
38691	1.1567
38692	1.1562
38693	1.1582
38694	1.1574
38695	1.158
38698	1.1507
38699	1.152
38700	1.1531
38701	1.1577
38702	1.1564
38705	1.1634
38706	1.1734
38707	1.1695
38708	1.1668
38709	1.1649
38714	1.1639
38715	1.1645
38716	1.1659
38720	1.1571
38721	1.1515
38722	1.1617
38723	1.1648
38726	1.1692
38727	1.1628
38728	1.158
38729	1.1625
38730	1.1613
38733	1.1578
38734	1.1643
38735	1.1726
38736	1.1657
38737	1.1534
38740	1.1512
38741	1.1549
38742	1.1483
38743	1.1503
38744	1.1474
38747	1.1443
38748	1.1439
38749	1.1402
38750	1.1432
38751	1.1471
38754	1.1457
38755	1.1491
38756	1.1536
38757	1.1453
38758	1.1542
38761	1.1548
38762	1.1548
38763	1.1541
38764	1.1578
38765	1.1522
38768	1.148
38769	1.1464
38770	1.1482
38771	1.1513
38772	1.1518
38775	1.142
38776	1.138
38777	1.1369
38778	1.1322
38779	1.1352
38782	1.1402
38783	1.147
38784	1.1574
38785	1.1595
38786	1.1605
38789	1.1618
38790	1.155
38791	1.1553
38792	1.1537
38793	1.1588
38796	1.1628
38797	1.1647
38798	1.1653
38799	1.1659
38800	1.1674
38803	1.1687
38804	1.1698
38805	1.1724
38806	1.1627
38807	1.1671
38810	1.1719
38811	1.1662
38812	1.1619
38813	1.1534
38814	1.1467
38817	1.1466
38818	1.1458
38819	1.1478
38820	1.152
38824	1.1453
38825	1.1419
38826	1.1364
38827	1.1388
38828	1.1373
38831	1.1373
38832	1.1316
38833	1.127
38834	1.1235
38835	1.1203
38838	1.1133
38839	1.1069
38840	1.1072
38841	1.1068
38842	1.1072
38845	1.1117
38846	1.1021
38847	1.1007
38848	1.099
38849	1.1085
38852	1.114
38853	1.1112
38854	1.1125
38855	1.1213
38856	1.1233
38860	1.1176
38861	1.1229
38862	1.1073
38863	1.1073
38866	1.105
38867	1.0996
38868	1.1028
38869	1.1008
38870	1.1004
38873	1.1012
38874	1.1152
38875	1.1116
38876	1.1232
38877	1.1072
38880	1.099
38881	1.1079
38882	1.1122
38883	1.1177
38884	1.1226
38887	1.1229
38888	1.1163
38889	1.1042
38890	1.1175
38891	1.1241
38894	1.1239
38895	1.1213
38896	1.1245
38897	1.1159
38898	1.115
38902	1.1061
38903	1.1117
38904	1.1117
38905	1.1134
38908	1.1246
38909	1.1338
38910	1.1355
38911	1.1319
38912	1.1274
38915	1.1322
38916	1.1336
38917	1.1353
38918	1.1341
38919	1.1375
38922	1.1416
38923	1.1414
38924	1.1378
38925	1.1345
38926	1.1298
38929	1.1309
38930	1.1315
38931	1.1259
38932	1.1263
38933	1.127
38937	1.1204
38938	1.1199
38939	1.1263
38940	1.1204
38943	1.124
38944	1.1221
38945	1.1161
38946	1.1165
38947	1.1233
38950	1.1184
38951	1.1154
38952	1.1101
38953	1.1111
38954	1.108
38957	1.112
38958	1.1105
38959	1.11
38960	1.1066
38961	1.1056
38965	1.111
38966	1.1053
38967	1.1099
38968	1.119
38971	1.1218
38972	1.1186
38973	1.1191
38974	1.1159
38975	1.1195
38978	1.1171
38979	1.1232
38980	1.1273
38981	1.1195
38982	1.1172
38985	1.1162
38986	1.116
38987	1.1151
38988	1.1109
38989	1.1153
38992	1.1155
38993	1.1211
38994	1.1287
38995	1.1269
38996	1.1264
39000	1.1319
39001	1.1358
39002	1.1357
39003	1.1367
39006	1.1385
39007	1.138
39008	1.1379
39009	1.1318
39010	1.1251
39013	1.1282
39014	1.1272
39015	1.1248
39016	1.1254
39017	1.1188
39020	1.1235
39021	1.1227
39022	1.1315
39023	1.1362
39024	1.129
39027	1.1293
39028	1.1277
39029	1.1277
39030	1.1292
39031	1.1307
39035	1.1395
39036	1.139
39037	1.1404
39038	1.1459
39041	1.1473
39042	1.1474
39043	1.1413
39044	1.1418
39045	1.1346
39048	1.133
39049	1.1311
39050	1.136
39051	1.1415
39052	1.1445
39055	1.1454
39056	1.1417
39057	1.1469
39058	1.1481
39059	1.1501
39062	1.1475
39063	1.1548
39064	1.1545
39065	1.1568
39066	1.1574
39069	1.1574
39070	1.1558
39071	1.1486
39072	1.1537
39073	1.1574
39078	1.1612
39079	1.1599
39080	1.1653
39084	1.1649
39085	1.1699
39086	1.1767
39087	1.1755
39090	1.1777
39091	1.1784
39092	1.1772
39093	1.1762
39094	1.1702
39097	1.1681
39098	1.1746
39099	1.1737
39100	1.1752
39101	1.172
39104	1.1759
39105	1.1816
39106	1.1824
39107	1.1783
39108	1.1798
39111	1.1816
39112	1.1814
39113	1.1792
39114	1.1755
39115	1.1838
39118	1.1818
39119	1.182
39120	1.1852
39121	1.1853
39122	1.1739
39125	1.1746
39126	1.1686
39127	1.166
39128	1.1639
39129	1.1637
39132	1.1639
39133	1.1698
39134	1.1612
39135	1.1616
39136	1.1585
39139	1.16
39140	1.1639
39141	1.17
39142	1.1713
39143	1.1753
39146	1.1811
39147	1.176
39148	1.1786
39149	1.1801
39150	1.1712
39153	1.1692
39154	1.1687
39155	1.1754
39156	1.1758
39157	1.174
39160	1.1752
39161	1.1639
39162	1.1578
39163	1.1576
39164	1.16
39167	1.1627
39168	1.1584
39169	1.158
39170	1.1578
39171	1.1529
39174	1.1561
39175	1.1573
39176	1.1584
39177	1.1509
39181	1.1522
39182	1.148
39183	1.145
39184	1.1363
39185	1.138
39188	1.131
39189	1.1294
39190	1.1288
39191	1.1286
39192	1.1227
39195	1.1227
39196	1.1229
39197	1.1145
39198	1.1202
39199	1.1153
39202	1.1067
39203	1.1089
39204	1.1087
39205	1.107
39206	1.1069
39209	1.1024
39210	1.1048
39211	1.1064
39212	1.1073
39213	1.1135
39216	1.1069
39217	1.0977
39218	1.1029
39219	1.0977
39220	1.0884
39223	1.0884
39224	1.0855
39225	1.0818
39226	1.0841
39227	1.0796
39230	1.0801
39231	1.0719
39232	1.0754
39233	1.0699
39234	1.0604
39237	1.058
39238	1.0606
39239	1.0586
39240	1.0613
39241	1.0622
39244	1.0614
39245	1.0635
39246	1.0667
39247	1.0684
39248	1.0679
39251	1.0721
39252	1.0639
39253	1.0646
39254	1.073
39255	1.0676
39258	1.0713
39259	1.0693
39260	1.0716
39261	1.0627
39262	1.0634
39266	1.0596
39267	1.057
39268	1.0566
39269	1.048
39272	1.0479
39273	1.0521
39274	1.0558
39275	1.0469
39276	1.0477
39279	1.043
39280	1.0436
39281	1.0437
39282	1.0426
39283	1.044
39286	1.0451
39287	1.0372
39288	1.0425
39289	1.0505
39290	1.059
39293	1.0686
39294	1.0657
39295	1.0569
39296	1.0527
39297	1.0528
39301	1.0553
39302	1.0499
39303	1.0565
39304	1.0536
39307	1.0509
39308	1.0636
39309	1.0746
39310	1.0755
39311	1.0635
39314	1.0582
39315	1.0601
39316	1.0621
39317	1.0568
39318	1.0525
39321	1.0516
39322	1.0615
39323	1.0592
39324	1.0567
39325	1.0564
39329	1.0496
39330	1.0508
39331	1.0533
39332	1.0546
39335	1.0533
39336	1.0431
39337	1.0371
39338	1.0326
39339	1.0293
39342	1.0308
39343	1.0236
39344	1.0147
39345	1.0016
39346	1.0009
39349	1.0012
39350	1.001
39351	1.0048
39352	1.0031
39353	0.9963
39356	0.9931
39357	1.0004
39358	0.9961
39359	0.9983
39360	0.9812
39364	0.9846
39365	0.9814
39366	0.9743
39367	0.9739
39370	0.9758
39371	0.9779
39372	0.9737
39373	0.9734
39374	0.9638
39377	0.9811
39378	0.9674
39379	0.9712
39380	0.9674
39381	0.9619
39384	0.9548
39385	0.9535
39386	0.9499
39387	0.9499
39388	0.9359
39391	0.9339
39392	0.9245
39393	0.917
39394	0.9306
39395	0.9391
39399	0.9643
39400	0.9607
39401	0.9808
39402	0.9729
39405	0.9837
39406	0.985
39407	0.9895
39408	0.9846
39409	0.9884
39412	0.9877
39413	0.9965
39414	0.9908
39415	0.9929
39416	1.0008
39419	1.0005
39420	1.0104
39421	1.0131
39422	1.0124
39423	1.0053
39426	1.0103
39427	1.0108
39428	1.0107
39429	1.0217
39430	1.0137
39433	1.0073
39434	1.0105
39435	1.0056
39436	0.9983
39437	0.9944
39440	0.9871
39443	0.9811
39444	0.9785
39447	0.9881
39449	0.9927
39450	0.9905
39451	0.9991
39454	1.0051
39455	0.9986
39456	1.0085
39457	1.0139
39458	1.0199
39461	1.0211
39462	1.0169
39463	1.0239
39464	1.0293
39465	1.0295
39468	1.0324
39469	1.0253
39470	1.0286
39471	1.0072
39472	1.0044
39475	1.0044
39476	0.9977
39477	0.9937
39478	1.0022
39479	0.9943
39482	0.9931
39483	1.0043
39484	1.0026
39485	1.0115
39486	0.9991
39489	1.0017
39490	0.9963
39491	0.9995
39492	0.997
39493	1.0016
39496	1.0071
39497	1.016
39498	1.019
39499	1.0087
39500	1.0156
39503	0.998
39504	0.9859
39505	0.9778
39506	0.9719
39507	0.9798
39510	0.987
39511	0.9956
39512	0.9898
39513	0.9848
39514	0.9915
39517	0.9976
39518	0.9953
39519	0.9897
39520	0.9842
39521	0.987
39524	0.9978
39525	0.9938
39526	1.0028
39527	1.0269
39531	1.0203
39532	1.0177
39533	1.018
39534	1.0147
39535	1.0181
39538	1.0279
39539	1.027
39540	1.0177
39541	1.0082
39542	1.0091
39545	1.011
39546	1.015
39547	1.0194
39548	1.0179
39549	1.0215
39552	1.0208
39553	1.0181
39554	1.0025
39555	1.0113
39556	1.0084
39559	1.0066
39560	1.0033
39561	1.0195
39562	1.0132
39563	1.0164
39566	1.016
39567	1.0131
39568	1.0095
39569	1.0189
39570	1.0183
39573	1.0125
39574	1.0035
39575	1.0021
39576	1.0149
39577	1.0061
39580	1.0039
39581	1.0005
39582	1.002
39583	0.9998
39584	0.9968
39588	0.993
39589	0.9844
39590	0.9861
39591	0.9883
39594	0.9896
39595	0.9932
39596	0.9915
39597	0.9872
39598	0.9942
39601	1.0013
39602	1.0051
39603	1.0145
39604	1.0198
39605	1.0187
39608	1.0225
39609	1.0243
39610	1.0174
39611	1.0232
39612	1.0282
39615	1.0211
39616	1.0199
39617	1.0186
39618	1.0132
39619	1.0172
39622	1.0163
39623	1.0136
39624	1.0135
39625	1.0121
39626	1.0123
39629	1.0186
39631	1.0129
39632	1.0206
39633	1.0155
39636	1.0173
39637	1.0207
39638	1.0108
39639	1.0102
39640	1.0092
39643	1.0061
39644	1.002
39645	1.0017
39646	1.0016
39647	1.0053
39650	1.0021
39651	1.0085
39652	1.0088
39653	1.0114
39654	1.0164
39657	1.0222
39658	1.0261
39659	1.0242
39660	1.0257
39661	1.0253
39664	1.0253
39665	1.0426
39666	1.047
39667	1.0511
39668	1.0678
39671	1.0676
39672	1.064
39673	1.0657
39674	1.062
39675	1.0609
39678	1.0605
39679	1.0607
39680	1.0628
39681	1.0456
39682	1.0458
39685	1.0464
39686	1.0483
39687	1.0486
39688	1.0526
39689	1.0626
39693	1.0701
39694	1.0607
39695	1.0642
39696	1.0641
39699	1.0696
39700	1.0679
39701	1.0738
39702	1.0796
39703	1.0609
39706	1.0677
39707	1.0734
39708	1.0783
39709	1.0701
39710	1.047
39713	1.0382
39714	1.0355
39715	1.0351
39716	1.0338
39717	1.0349
39720	1.0394
39721	1.0599
39722	1.0609
39723	1.0769
39724	1.0812
39727	1.1027
39728	1.1058
39729	1.1249
39730	1.1486
39731	1.1907
39735	1.1602
39736	1.1802
39737	1.1952
39738	1.1823
39741	1.1976
39742	1.2202
39743	1.2499
39744	1.2573
39745	1.2732
39748	1.293
39749	1.2943
39750	1.2308
39751	1.2221
39752	1.2165
39755	1.1875
39756	1.1499
39757	1.1596
39758	1.1818
39759	1.1835
39762	1.1942
39764	1.2295
39765	1.2315
39766	1.2247
39769	1.2211
39770	1.2239
39771	1.237
39772	1.2855
39773	1.2854
39776	1.225
39777	1.2209
39778	1.2342
39779	1.2329
39780	1.2372
39783	1.2377
39784	1.2421
39785	1.2573
39786	1.254
39787	1.2969
39790	1.2572
39791	1.2603
39792	1.2557
39793	1.2183
39794	1.2452
39797	1.2352
39798	1.2239
39799	1.2058
39800	1.1965
39801	1.2275
39804	1.2188
39805	1.2166
39806	1.2125
39811	1.2167
39812	1.2217
39813	1.2246
39815	1.2107
39818	1.1914
39819	1.1823
39820	1.1853
39821	1.1888
39822	1.1923
39825	1.2077
39826	1.2257
39827	1.2383
39828	1.2625
39829	1.2542
39832	1.2521
39833	1.2605
39834	1.2741
39835	1.263
39836	1.248
39839	1.2205
39840	1.2299
39841	1.2098
39842	1.2188
39843	1.2364
39846	1.2404
39847	1.2337
39848	1.2266
39849	1.2303
39850	1.2389
39853	1.2192
39854	1.2332
39855	1.2424
39856	1.2477
39857	1.2433
39860	1.2437
39861	1.2601
39862	1.2596
39863	1.2595
39864	1.2541
39867	1.2512
39868	1.247
39869	1.2556
39870	1.2456
39871	1.2707
39874	1.289
39875	1.2938
39876	1.2765
39877	1.2877
39878	1.2863
39881	1.3
39882	1.2797
39883	1.2807
39884	1.2905
39885	1.2749
39888	1.2724
39889	1.2718
39890	1.272
39891	1.2325
39892	1.2371
39895	1.2323
39896	1.2262
39897	1.2245
39898	1.233
39899	1.2392
39902	1.259
39903	1.2602
39904	1.2643
39905	1.2384
39906	1.2337
39909	1.2429
39910	1.2341
39911	1.2354
39912	1.2274
39916	1.2212
39917	1.2092
39918	1.2038
39919	1.2062
39920	1.2146
39923	1.2343
39924	1.2358
39925	1.236
39926	1.229
39927	1.2093
39930	1.2107
39931	1.2238
39932	1.2008
39933	1.194
39934	1.1872
39937	1.1781
39938	1.176
39939	1.1731
39940	1.1714
39941	1.1581
39944	1.1591
39945	1.1676
39946	1.1683
39947	1.1727
39948	1.1756
39952	1.1569
39953	1.1434
39954	1.1414
39955	1.1233
39958	1.1258
39959	1.1199
39960	1.112
39961	1.1124
39962	1.0961
39965	1.0872
39966	1.0827
39967	1.0976
39968	1.0999
39969	1.1146
39972	1.123
39973	1.1041
39974	1.1101
39975	1.0982
39976	1.1177
39979	1.1341
39980	1.1327
39981	1.1371
39982	1.1273
39983	1.1287
39986	1.1547
39987	1.156
39988	1.1461
39989	1.158
39990	1.1531
39993	1.1583
39994	1.1625
39996	1.1604
39997	1.1621
40000	1.1612
40001	1.1631
40002	1.1655
40003	1.1622
40004	1.165
40007	1.1539
40008	1.1368
40009	1.1194
40010	1.1171
40011	1.1168
40014	1.1067
40015	1.1078
40016	1.0981
40017	1.0867
40018	1.0842
40021	1.0835
40022	1.088
40023	1.0889
40024	1.0815
40025	1.079
40029	1.0686
40030	1.072
40031	1.0759
40032	1.0837
40035	1.0848
40036	1.0988
40037	1.0875
40038	1.0852
40039	1.0971
40042	1.1079
40043	1.1036
40044	1.0969
40045	1.0902
40046	1.0799
40049	1.0742
40050	1.0782
40051	1.0991
40052	1.096
40053	1.0879
40056	1.0967
40057	1.1031
40058	1.1065
40059	1.1034
40060	1.0889
40064	1.0764
40065	1.0787
40066	1.0812
40067	1.0746
40070	1.0857
40071	1.0763
40072	1.0663
40073	1.0613
40074	1.0724
40077	1.0777
40078	1.0683
40079	1.0724
40080	1.0869
40081	1.0915
40084	1.0861
40085	1.0871
40086	1.0722
40087	1.0774
40088	1.0845
40091	1.0757
40092	1.0571
40093	1.0619
40094	1.0535
40095	1.0424
40099	1.0298
40100	1.0292
40101	1.0303
40102	1.0389
40105	1.0308
40106	1.05
40107	1.0412
40108	1.0485
40109	1.0508
40112	1.0616
40113	1.0648
40114	1.0756
40115	1.0705
40116	1.0774
40119	1.0743
40120	1.0704
40121	1.0647
40122	1.0651
40123	1.072
40126	1.0566
40127	1.0518
40129	1.0519
40130	1.0508
40133	1.046
40134	1.0592
40135	1.05
40136	1.0638
40137	1.0696
40140	1.0551
40141	1.0608
40142	1.0501
40143	1.0595
40144	1.0624
40147	1.0574
40148	1.0432
40149	1.0468
40150	1.0542
40151	1.0517
40154	1.0511
40155	1.0604
40156	1.0552
40157	1.0519
40158	1.0585
40161	1.0593
40162	1.062
40163	1.058
40164	1.0713
40165	1.0678
40168	1.0594
40169	1.0556
40170	1.0476
40171	1.0488
40176	1.0405
40177	1.0525
40178	1.0466
40182	1.0378
40183	1.0372
40184	1.0334
40185	1.0351
40186	1.0344
40189	1.0317
40190	1.0375
40191	1.0322
40192	1.0261
40193	1.0287
40196	1.0251
40197	1.0328
40198	1.0478
40199	1.0487
40200	1.0564
40203	1.0582
40204	1.0606
40205	1.0657
40206	1.0643
40207	1.065
40210	1.0653
40211	1.0607
40212	1.0609
40213	1.0734
40214	1.0725
40217	1.0692
40218	1.069
40219	1.0671
40220	1.0523
40221	1.0531
40224	1.048
40225	1.0426
40226	1.0455
40227	1.0452
40228	1.042
40231	1.0428
40232	1.0517
40233	1.055
40234	1.0675
40235	1.0526
40238	1.0421
40239	1.0326
40240	1.0287
40241	1.0309
40242	1.0286
40245	1.0286
40246	1.0251
40247	1.0243
40248	1.0265
40249	1.0187
40252	1.0217
40253	1.0148
40254	1.0113
40255	1.0139
40256	1.0155
40259	1.0193
40260	1.0178
40261	1.0267
40262	1.0188
40263	1.0285
40266	1.0203
40267	1.0188
40268	1.0156
40269	1.0075
40273	1.0025
40274	1.0001
40275	1.003
40276	1.002
40277	1.0055
40280	1.0015
40281	1.0028
40282	0.9961
40283	1.0014
40284	1.0148
40287	1.0201
40288	0.9986
40289	0.9984
40290	1.0013
40291	1.0027
40294	1.0009
40295	1.0173
40296	1.0128
40297	1.0054
40298	1.0116
40301	1.0134
40302	1.0216
40303	1.0266
40304	1.0437
40305	1.0431
40308	1.0246
40309	1.0195
40310	1.0201
40311	1.0149
40312	1.0344
40315	1.0405
40316	1.033
40317	1.0515
40318	1.0659
40319	1.057
40323	1.0778
40324	1.0651
40325	1.0496
40326	1.0499
40329	1.0462
40330	1.0479
40331	1.0404
40332	1.0416
40333	1.0516
40336	1.054
40337	1.0518
40338	1.0395
40339	1.0337
40340	1.0333
40343	1.0253
40344	1.0288
40345	1.0236
40346	1.0284
40347	1.0238
40350	1.0199
40351	1.0201
40352	1.0434
40353	1.0432
40354	1.037
40357	1.0337
40358	1.0529
40359	1.0606
40361	1.0649
40364	1.066
40365	1.0498
40366	1.0527
40367	1.0446
40368	1.0328
40371	1.0379
40372	1.0284
40373	1.0306
40374	1.0403
40375	1.0537
40378	1.0559
40379	1.0526
40380	1.0427
40381	1.0376
40382	1.0373
40385	1.0312
40386	1.0357
40387	1.0357
40388	1.037
40389	1.029
40393	1.0225
40394	1.0185
40395	1.0158
40396	1.0273
40399	1.0266
40400	1.0348
40401	1.0456
40402	1.0434
40403	1.0402
40406	1.0432
40407	1.0312
40408	1.0289
40409	1.0399
40410	1.05
40413	1.0514
40414	1.0563
40415	1.0642
40416	1.0546
40417	1.0546
40420	1.0562
40421	1.0639
40422	1.0497
40423	1.052
40424	1.0411
40428	1.0427
40429	1.0359
40430	1.0328
40431	1.0358
40434	1.0279
40435	1.0222
40436	1.0282
40437	1.0274
40438	1.0331
40441	1.0281
40442	1.0315
40443	1.0327
40444	1.031
40445	1.0263
40448	1.026
40449	1.0306
40450	1.03
40451	1.0298
40452	1.0215
40455	1.0234
40456	1.0168
40457	1.0073
40458	1.0166
40459	1.0136
40463	1.011
40464	1.003
40465	1.0036
40466	1.0108
40469	1.0149
40470	1.0298
40471	1.0245
40472	1.0233
40473	1.0263
40476	1.0198
40477	1.0223
40478	1.032
40479	1.0202
40480	1.0188
40483	1.0136
40484	1.0099
40485	1.0092
40486	1.0024
40487	1.0015
40490	1.0022
40491	1.0013
40492	1.0017
40494	1.008
40497	1.0065
40498	1.0231
40499	1.0207
40500	1.0174
40501	1.0208
40504	1.0187
40505	1.0245
40506	1.0108
40507	1.0083
40508	1.0191
40511	1.0227
40512	1.0264
40513	1.016
40514	1.0046
40515	1.006
40518	1.0058
40519	1.0093
40520	1.0099
40521	1.0098
40522	1.0093
40525	1.0046
40526	1.0041
40527	1.0035
40528	1.0056
40529	1.0124
40532	1.0178
40533	1.0175
40534	1.0148
40535	1.0095
40536	1.0064
40541	1.0003
40542	1.0009
40543	0.9946
40547	0.9986
40548	0.9947
40549	0.9954
40550	0.9934
40553	0.9925
40554	0.9903
40555	0.9864
40556	0.9868
40557	0.9904
40560	0.9862
40561	0.9911
40562	0.9939
40563	1.0001
40564	0.9945
40567	0.9934
40568	0.9986
40569	0.9953
40570	0.9941
40571	0.999
40574	1.0022
40575	0.9922
40576	0.9883
40577	0.9901
40578	0.9901
40581	0.9886
40582	0.9906
40583	0.9947
40584	0.9955
40585	0.9903
40588	0.9885
40589	0.9887
40590	0.9855
40591	0.9839
40592	0.983
40595	0.9838
40596	0.9859
40597	0.9924
40598	0.9842
40599	0.9809
40602	0.9739
40603	0.9743
40604	0.9734
40605	0.9747
40606	0.9714
40609	0.9738
40610	0.9713
40611	0.9686
40612	0.9731
40613	0.9734
40616	0.9759
40617	0.983
40618	0.9918
40619	0.9885
40620	0.9844
40623	0.9774
40624	0.9768
40625	0.9821
40626	0.9748
40627	0.9778
40630	0.9758
40631	0.9761
40632	0.9714
40633	0.9718
40634	0.9629
40637	0.9679
40638	0.9636
40639	0.9588
40640	0.9593
40641	0.9566
40644	0.9547
40645	0.9625
40646	0.964
40647	0.9626
40648	0.9615
40651	0.9691
40652	0.9571
40653	0.9524
40654	0.9519
40658	0.9541
40659	0.9507
40660	0.9549
40661	0.9511
40662	0.9486
40665	0.9492
40666	0.949
40667	0.958
40668	0.9669
40669	0.9617
40672	0.9661
40673	0.961
40674	0.9582
40675	0.9658
40676	0.9709
40679	0.9703
40680	0.9773
40681	0.9723
40682	0.9701
40683	0.9735
40687	0.9774
40688	0.9765
40689	0.9809
40690	0.9771
40693	0.9765
40694	0.9688
40695	0.9714
40696	0.9793
40697	0.977
40700	0.9785
40701	0.9745
40702	0.978
40703	0.9732
40704	0.9768
40707	0.9779
40708	0.9686
40709	0.978
40710	0.9843
40711	0.9797
40714	0.9785
40715	0.9724
40716	0.9726
40717	0.9799
40718	0.9849
40721	0.9861
40722	0.9821
40723	0.9705
40724	0.9643
40728	0.9598
40729	0.9608
40730	0.9657
40731	0.9586
40732	0.9627
40735	0.9666
40736	0.9668
40737	0.9582
40738	0.9585
40739	0.9536
40742	0.9615
40743	0.9506
40744	0.9479
40745	0.9451
40746	0.9502
40749	0.9449
40750	0.9449
40751	0.9474
40752	0.9484
40753	0.9538
40757	0.958
40758	0.9634
40759	0.9767
40760	0.9843
40763	0.989
40764	0.9893
40765	0.991
40766	0.9892
40767	0.9879
40770	0.9838
40771	0.9817
40772	0.982
40773	0.9901
40774	0.9849
40777	0.9901
40778	0.9877
40779	0.988
40780	0.9843
40781	0.9853
40784	0.978
40785	0.9793
40786	0.9784
40787	0.9752
40788	0.9815
40792	0.991
40793	0.9883
40794	0.9859
40795	0.9971
40798	0.9957
40799	0.9902
40800	0.9913
40801	0.9869
40802	0.9814
40805	0.9898
40806	0.9924
40807	0.9986
40808	1.0329
40809	1.0282
40812	1.0339
40813	1.0191
40814	1.0225
40815	1.0338
40816	1.0389
40819	1.044
40820	1.0604
40821	1.0449
40822	1.043
40823	1.0328
40827	1.0287
40828	1.0164
40829	1.0238
40830	1.0147
40833	1.0152
40834	1.0163
40835	1.0136
40836	1.0218
40837	1.0091
40840	1.0039
40841	1.0144
40842	1.0101
40843	0.9942
40844	0.9957
40847	0.9935
40848	1.0198
40849	1.0126
40850	1.0127
40851	1.018
40854	1.0172
40855	1.014
40856	1.0173
40857	1.019
40861	1.0178
40862	1.0235
40863	1.0206
40864	1.0226
40865	1.0262
40868	1.0385
40869	1.0368
40870	1.048
40871	1.0469
40872	1.0487
40875	1.0327
40876	1.0296
40877	1.0197
40878	1.0174
40879	1.0165
40882	1.0141
40883	1.0117
40884	1.0105
40885	1.0193
40886	1.0201
40889	1.0275
40890	1.0284
40891	1.0406
40892	1.0337
40893	1.0388
40896	1.0364
40897	1.0285
40898	1.0286
40899	1.0214
40900	1.0208
40905	1.0234
40906	1.021
40907	1.017
40911	1.009
40912	1.0135
40913	1.0197
40914	1.0232
40917	1.0272
40918	1.0164
40919	1.0192
40920	1.0198
40921	1.0245
40924	1.017
40925	1.0132
40926	1.014
40927	1.0095
40928	1.0143
40931	1.008
40932	1.0097
40933	1.012
40934	0.9986
40935	1.0013
40938	1.0032
40939	1.0052
40940	0.9971
40941	0.9985
40942	0.9945
40945	0.9954
40946	0.9948
40947	0.997
40948	0.9941
40949	1.0016
40952	0.9996
40953	0.9991
40954	0.9965
40955	0.9962
40956	0.997
40959	0.9924
40960	0.9955
40961	1
40962	0.9985
40963	0.9988
40966	0.9983
40967	0.9956
40968	0.9866
40969	0.9849
40970	0.9888
40973	0.9936
40974	1.0015
40975	0.9993
40976	0.9921
40977	0.9895
40980	0.9935
40981	0.9905
40982	0.9915
40983	0.9929
40984	0.9914
40987	0.988
40988	0.9933
40989	0.9931
40990	1.0003
40991	0.9982
40994	0.9922
40995	0.9928
40996	0.9984
40997	0.9999
40998	0.9991
41001	0.9917
41002	0.991
41003	0.9962
41004	0.9928
41008	0.9972
41009	1.0028
41010	1.0039
41011	0.995
41012	0.9979
41015	1.0024
41016	0.9878
41017	0.9902
41018	0.9927
41019	0.9911
41022	0.9936
41023	0.9883
41024	0.9848
41025	0.9841
41026	0.9807
41029	0.9884
41030	0.9839
41031	0.9891
41032	0.9868
41033	0.9956
41036	0.9935
41037	0.9997
41038	1.0015
41039	1.0017
41040	0.9968
41043	1.0019
41044	1.0029
41045	1.0102
41046	1.0164
41047	1.021
41051	1.0191
41052	1.0275
41053	1.0275
41054	1.0285
41057	1.0241
41058	1.0253
41059	1.0286
41060	1.0349
41061	1.038
41064	1.0418
41065	1.0414
41066	1.0297
41067	1.0244
41068	1.0332
41071	1.0283
41072	1.0268
41073	1.027
41074	1.0247
41075	1.0244
41078	1.0266
41079	1.0178
41080	1.0194
41081	1.0251
41082	1.026
41085	1.0303
41086	1.0265
41087	1.0257
41088	1.0333
41089	1.0191
41093	1.0123
41094	1.0128
41095	1.0131
41096	1.0199
41099	1.0212
41100	1.0203
41101	1.0195
41102	1.0214
41103	1.0151
41106	1.0157
41107	1.0141
41108	1.0112
41109	1.0077
41110	1.0114
41113	1.0172
41114	1.0208
41115	1.0181
41116	1.0101
41117	1.006
41120	1.0033
41121	1.0014
41122	1.0017
41123	1.0062
41124	0.9986
41128	0.9964
41129	0.9947
41130	0.9924
41131	0.9916
41134	0.9933
41135	0.9914
41136	0.9891
41137	0.9881
41138	0.9885
41141	0.989
41142	0.9864
41143	0.9929
41144	0.9928
41145	0.992
41148	0.9892
41149	0.9864
41150	0.9875
41151	0.9926
41152	0.9863
41156	0.9863
41157	0.9902
41158	0.9825
41159	0.9778
41162	0.9762
41163	0.9724
41164	0.9757
41165	0.9753
41166	0.971
41169	0.9723
41170	0.9742
41171	0.9745
41172	0.9774
41173	0.9754
41176	0.9801
41177	0.977
41178	0.9842
41179	0.9814
41180	0.9837
41183	0.9827
41184	0.9829
41185	0.987
41186	0.9822
41187	0.9763
41191	0.9788
41192	0.9787
41193	0.9782
41194	0.9799
41197	0.9784
41198	0.9854
41199	0.9796
41200	0.9808
41201	0.9932
41204	0.9938
41205	0.9934
41206	0.9946
41207	0.9942
41208	0.999
41211	1.0004
41212	0.9994
41213	0.9996
41214	0.9973
41215	0.9964
41218	0.9965
41219	0.9936
41220	0.9972
41221	0.9986
41222	1.0006
41226	1.0016
41227	1.0018
41228	1.0025
41229	1.0028
41232	0.9964
41233	0.997
41234	0.998
41235	0.9974
41236	0.9927
41239	0.9949
41240	0.9936
41241	0.9929
41242	0.993
41243	0.9932
41246	0.9928
41247	0.9927
41248	0.9912
41249	0.991
41250	0.989
41253	0.9872
41254	0.9867
41255	0.9854
41256	0.9847
41257	0.986
41260	0.9841
41261	0.9854
41262	0.9868
41263	0.9883
41264	0.9942
41267	0.9913
41270	0.9949
41271	0.9952
41274	0.9949
41276	0.9859
41277	0.9853
41278	0.9856
41281	0.986
41282	0.9873
41283	0.9868
41284	0.986
41285	0.9841
41288	0.984
41289	0.9839
41290	0.985
41291	0.9853
41292	0.9937
41295	0.9933
41296	0.9934
41297	0.9986
41298	1.0026
41299	1.0078
41302	1.0069
41303	1.0029
41304	1.0033
41305	0.9992
41306	0.9987
41309	0.9977
41310	0.9972
41311	0.996
41312	0.9993
41313	1.002
41316	1.0065
41317	1.0029
41318	1.002
41319	1.0008
41320	1.007
41324	1.0118
41325	1.0163
41326	1.0185
41327	1.0224
41330	1.0265
41331	1.028
41332	1.025
41333	1.0285
41334	1.0285
41337	1.0298
41338	1.029
41339	1.0314
41340	1.0302
41341	1.0273
41344	1.0268
41345	1.0254
41346	1.0273
41347	1.0261
41348	1.0193
41351	1.0217
41352	1.0274
41353	1.0268
41354	1.0241
41355	1.0225
41358	1.0218
41359	1.0166
41360	1.017
41361	1.0156
41365	1.0167
41366	1.0148
41367	1.0134
41368	1.0139
41369	1.0191
41372	1.0198
41373	1.0162
41374	1.015
41375	1.0107
41376	1.0134
41379	1.0206
41380	1.023
41381	1.0262
41382	1.0255
41383	1.0264
41386	1.0263
41387	1.0259
41388	1.027
41389	1.0194
41390	1.017
41393	1.0138
41394	1.0072
41395	1.0084
41396	1.0083
41397	1.0079
41400	1.0075
41401	1.0052
41402	1.0023
41403	1.0027
41404	1.0124
41407	1.0108
41408	1.0148
41409	1.0173
41410	1.0163
41411	1.0269
41415	1.0277
41416	1.0333
41417	1.031
41418	1.0323
41421	1.0329
41422	1.0371
41423	1.0369
41424	1.0309
41425	1.0337
41428	1.029
41429	1.0348
41430	1.0346
41431	1.024
41432	1.0208
41435	1.0185
41436	1.0191
41437	1.0202
41438	1.017
41439	1.0175
41442	1.0175
41443	1.0209
41444	1.0187
41445	1.0383
41446	1.0467
41449	1.0532
41450	1.0512
41451	1.0468
41452	1.0479
41453	1.0513
41456	1.0499
41457	1.0529
41458	1.0521
41460	1.0566
41463	1.0578
41464	1.053
41465	1.051
41466	1.0389
41467	1.0393
41470	1.0412
41471	1.0388
41472	1.0423
41473	1.0395
41474	1.0362
41477	1.0336
41478	1.0305
41479	1.0298
41480	1.0283
41481	1.0292
41484	1.0259
41485	1.0292
41486	1.0287
41487	1.0338
41488	1.0379
41491	1.0394
41492	1.0378
41493	1.0415
41494	1.0347
41495	1.0302
41498	1.0297
41499	1.0345
41500	1.0319
41501	1.0339
41502	1.0344
41505	1.0334
41506	1.0374
41507	1.0442
41508	1.0511
41509	1.0512
41512	1.0513
41513	1.0504
41514	1.0491
41515	1.0526
41516	1.0554
41519	1.0553
41520	1.0532
41521	1.0482
41522	1.0499
41523	1.039
41526	1.0366
41527	1.0357
41528	1.0337
41529	1.032
41530	1.0341
41533	1.0316
41534	1.0291
41535	1.0312
41536	1.0237
41537	1.0287
41540	1.0283
41541	1.0295
41542	1.0295
41543	1.0321
41544	1.03
41547	1.0285
41548	1.0333
41549	1.0332
41550	1.0323
41551	1.0306
41554	1.0306
41555	1.0331
41556	1.0397
41557	1.0383
41558	1.0385
41561	1.0385
41562	1.0371
41563	1.0345
41564	1.0285
41565	1.0287
41568	1.0297
41569	1.0284
41570	1.0385
41571	1.0422
41572	1.045
41575	1.0445
41576	1.0445
41577	1.0456
41578	1.0456
41579	1.0443
41582	1.0415
41583	1.0448
41584	1.0419
41585	1.0442
41586	1.0487
41589	1.0487
41590	1.0502
41591	1.0468
41592	1.0497
41593	1.0458
41596	1.0427
41597	1.0466
41598	1.0445
41599	1.0506
41600	1.0535
41603	1.0554
41604	1.0547
41605	1.0595
41606	1.0593
41607	1.0599
41610	1.0632
41611	1.066
41612	1.0696
41613	1.0638
41614	1.0663
41617	1.0641
41618	1.0622
41619	1.0605
41620	1.0641
41621	1.0594
41624	1.0577
41625	1.0611
41626	1.0645
41627	1.0677
41628	1.0679
41631	1.0602
41632	1.0618
41635	1.0697
41638	1.064
41639	1.0637
41641	1.0634
41642	1.0612
41645	1.0659
41646	1.0742
41647	1.0804
41648	1.0851
41649	1.0917
41652	1.0869
41653	1.0934
41654	1.0933
41655	1.0926
41656	1.0961
41659	1.0962
41660	1.0972
41661	1.1069
41662	1.113
41663	1.1062
41666	1.1098
41667	1.1148
41668	1.1148
41669	1.1171
41670	1.1119
41673	1.1076
41674	1.1055
41675	1.1101
41676	1.1066
41677	1.1018
41680	1.1048
41681	1.1025
41682	1.1025
41683	1.098
41684	1.0981
41687	1.0981
41688	1.0953
41689	1.1045
41690	1.1104
41691	1.1128
41694	1.1058
41695	1.1084
41696	1.1117
41697	1.114
41698	1.1075
41701	1.109
41702	1.1113
41703	1.105
41704	1.0965
41705	1.1088
41708	1.1104
41709	1.1085
41710	1.113
41711	1.1059
41712	1.1087
41715	1.1052
41716	1.1089
41717	1.1177
41718	1.1251
41719	1.1191
41722	1.1218
41723	1.1176
41724	1.1143
41725	1.1056
41726	1.1066
41729	1.1053
41730	1.1027
41731	1.1031
41732	1.1035
41733	1.0978
41736	1.0971
41737	1.0922
41738	1.0903
41739	1.0912
41740	1.096
41743	1.097
41744	1.0981
41745	1.1028
41746	1.0998
41751	1.1026
41752	1.1032
41753	1.1027
41754	1.1042
41757	1.1033
41758	1.0963
41759	1.0957
41761	1.0973
41765	1.089
41766	1.0896
41767	1.0858
41768	1.09
41771	1.0887
41772	1.0892
41773	1.0887
41774	1.0887
41775	1.0882
41778	1.0882
41779	1.0901
41780	1.0933
41781	1.0898
41782	1.087
41786	1.0869
41787	1.0867
41788	1.0837
41789	1.0867
41792	1.0895
41793	1.0915
41794	1.0937
41795	1.0934
41796	1.0936
41799	1.091
41800	1.0915
41801	1.0867
41802	1.0851
41803	1.0868
41806	1.085
41807	1.0852
41808	1.087
41809	1.0828
41810	1.0766
41813	1.0731
41814	1.074
41815	1.0721
41816	1.0707
41817	1.0676
41820	1.0676
41821	1.0676
41822	1.0667
41823	1.0634
41824	1.0639
41827	1.0662
41828	1.0674
41829	1.065
41830	1.0658
41831	1.072
41834	1.0722
41835	1.0766
41836	1.075
41837	1.0753
41838	1.0737
41841	1.0737
41842	1.0745
41843	1.0741
41844	1.0742
41845	1.0814
41848	1.0814
41849	1.0851
41850	1.0909
41851	1.089
41852	1.0919
41855	1.0919
41856	1.097
41857	1.0926
41858	1.0922
41859	1.0982
41862	1.0935
41863	1.0944
41864	1.0929
41865	1.0911
41866	1.091
41869	1.0889
41870	1.0929
41871	1.0944
41872	1.0948
41873	1.095
41877	1.0951
41878	1.0891
41879	1.0857
41880	1.0858
41883	1.0858
41884	1.0925
41885	1.0873
41886	1.0863
41887	1.089
41890	1.0933
41891	1.1012
41892	1.0955
41893	1.1032
41894	1.1076
41897	1.1051
41898	1.099
41899	1.0952
41900	1.0946
41901	1.0969
41904	1.1008
41905	1.106
41906	1.109
41907	1.1106
41908	1.1164
41911	1.1145
41912	1.1208
41913	1.1171
41914	1.1151
41915	1.1256
41918	1.1175
41919	1.1182
41920	1.1182
41921	1.1149
41922	1.1177
41925	1.1177
41926	1.1236
41927	1.1289
41928	1.1266
41929	1.1248
41932	1.1277
41933	1.1219
41934	1.1219
41935	1.1237
41936	1.1213
41939	1.1247
41940	1.1178
41941	1.1136
41942	1.1193
41943	1.1275
41946	1.132
41947	1.1397
41948	1.1377
41949	1.1424
41950	1.136
41953	1.1345
41954	1.1345
41955	1.1284
41956	1.135
41957	1.1294
41960	1.1308
41961	1.1305
41962	1.135
41963	1.1312
41964	1.1238
41967	1.1282
41968	1.1261
41969	1.1236
41970	1.1333
41971	1.1427
41974	1.1344
41975	1.14
41976	1.136
41977	1.1373
41978	1.1423
41981	1.1472
41982	1.1422
41983	1.1482
41984	1.1535
41985	1.154
41988	1.163
41989	1.1625
41990	1.1629
41991	1.1594
41992	1.1629
41995	1.1643
41996	1.1627
41997	1.1623
42002	1.1632
42003	1.1599
42004	1.1601
42006	1.1728
42009	1.1787
42010	1.1804
42011	1.1851
42012	1.1812
42013	1.1857
42016	1.193
42017	1.1948
42018	1.1958
42019	1.1932
42020	1.1986
42023	1.1966
42024	1.2085
42025	1.2374
42026	1.2371
42027	1.2403
42030	1.2411
42031	1.2404
42032	1.2451
42033	1.2644
42034	1.2717
42037	1.2578
42038	1.2456
42039	1.255
42040	1.2422
42041	1.2523
42044	1.2448
42045	1.2528
42046	1.2635
42047	1.2462
42048	1.2449
42052	1.2403
42053	1.2455
42054	1.2486
42055	1.2506
42058	1.258
42059	1.2603
42060	1.2419
42061	1.249
42062	1.2508
42065	1.2535
42066	1.2452
42067	1.244
42068	1.2482
42069	1.2616
42072	1.2598
42073	1.2633
42074	1.2764
42075	1.2691
42076	1.2803
42079	1.2765
42080	1.2769
42081	1.2771
42082	1.2744
42083	1.2595
42086	1.2516
42087	1.2511
42088	1.2513
42089	1.2471
42090	1.258
42093	1.2689
42094	1.2683
42095	1.2683
42096	1.2612
42101	1.2585
42102	1.2488
42103	1.2508
42104	1.258
42107	1.2595
42108	1.2602
42109	1.2478
42110	1.2379
42111	1.2206
42114	1.2229
42115	1.2204
42116	1.2274
42117	1.225
42118	1.2147
42121	1.2166
42122	1.2105
42123	1.2021
42124	1.1954
42125	1.2192
42129	1.204
42130	1.2009
42131	1.2139
42132	1.2088
42135	1.2105
42136	1.1987
42137	1.1951
42138	1.1992
42139	1.201
42143	1.2211
42144	1.2212
42145	1.2201
42146	1.2288
42150	1.243
42151	1.2485
42152	1.2477
42153	1.2465
42156	1.255
42157	1.2423
42158	1.2436
42159	1.2477
42160	1.2489
42163	1.2435
42164	1.2317
42165	1.2267
42166	1.2314
42167	1.2304
42170	1.2323
42171	1.233
42172	1.2308
42173	1.2209
42174	1.2279
42177	1.2288
42178	1.2327
42179	1.2415
42180	1.2347
42181	1.2359
42184	1.2382
42185	1.2474
42187	1.2566
42188	1.2571
42191	1.2626
42192	1.274
42193	1.2722
42194	1.2729
42195	1.2715
42198	1.2762
42199	1.2748
42200	1.2937
42201	1.2939
42202	1.2998
42205	1.2982
42206	1.2961
42207	1.3026
42208	1.303
42209	1.306
42212	1.3009
42213	1.2934
42214	1.2893
42215	1.3026
42216	1.3047
42220	1.3125
42221	1.3183
42222	1.3152
42223	1.3122
42226	1.3056
42227	1.3148
42228	1.2973
42229	1.3078
42230	1.3078
42233	1.3091
42234	1.3073
42235	1.3165
42236	1.308
42237	1.3149
42240	1.3213
42241	1.3296
42242	1.3303
42243	1.3197
42244	1.3269
42247	1.3223
42248	1.3179
42249	1.3311
42250	1.3199
42251	1.3273
42255	1.3195
42256	1.3223
42257	1.3219
42258	1.3276
42261	1.327
42262	1.3263
42263	1.3178
42264	1.3186
42265	1.3147
42268	1.325
42269	1.3278
42270	1.3315
42271	1.3351
42272	1.3325
42275	1.3361
42276	1.3413
42277	1.3394
42278	1.3242
42279	1.3214
42282	1.3085
42283	1.3056
42284	1.3036
42285	1.3018
42286	1.2946
42290	1.2986
42291	1.2982
42292	1.2904
42293	1.2933
42296	1.2998
42297	1.2974
42298	1.3116
42299	1.3088
42300	1.3172
42303	1.3134
42304	1.3241
42305	1.3148
42306	1.317
42307	1.3083
42310	1.3095
42311	1.3106
42312	1.3164
42313	1.3167
42314	1.3308
42317	1.3275
42318	1.3259
42320	1.3307
42321	1.3332
42324	1.3353
42325	1.3324
42326	1.3353
42327	1.3267
42328	1.3338
42331	1.3357
42332	1.3308
42333	1.3301
42334	1.33
42335	1.336
42338	1.3333
42339	1.3372
42340	1.336
42341	1.3394
42342	1.3365
42345	1.3508
42346	1.3593
42347	1.3595
42348	1.3599
42349	1.3696
42352	1.3733
42353	1.3728
42354	1.3805
42355	1.397
42356	1.3882
42359	1.399
42360	1.3929
42361	1.386
42362	1.3845
42367	1.385
42368	1.3884
42369	1.384
42373	1.3969
42374	1.3993
42375	1.4084
42376	1.4061
42377	1.4151
42380	1.4205
42381	1.4291
42382	1.4294
42383	1.4373
42384	1.4528
42388	1.4514
42389	1.4589
42390	1.4243
42391	1.4151
42394	1.4252
42395	1.4062
42396	1.4043
42397	1.4073
42398	1.408
42401	1.4006
42402	1.404
42403	1.3846
42404	1.3726
42405	1.3876
42408	1.3921
42409	1.382
42410	1.3968
42411	1.393
42412	1.3835
42416	1.386
42417	1.3684
42418	1.3721
42419	1.3801
42422	1.3685
42423	1.3792
42424	1.3766
42425	1.3575
42426	1.3547
42429	1.3523
42430	1.3407
42431	1.3468
42432	1.3407
42433	1.3337
42436	1.3301
42437	1.3389
42438	1.3236
42439	1.3373
42440	1.3215
42443	1.3293
42444	1.3359
42445	1.3362
42446	1.2984
42447	1.2982
42450	1.3069
42451	1.3051
42452	1.3203
42453	1.3269
42458	1.3154
42459	1.2962
42460	1.2971
42461	1.3047
42464	1.3036
42465	1.317
42466	1.3077
42467	1.3163
42468	1.2995
42471	1.2913
42472	1.2799
42473	1.2792
42474	1.2836
42475	1.2858
42478	1.2815
42479	1.2656
42480	1.2627
42481	1.271
42482	1.2674
42485	1.268
42486	1.2614
42487	1.2635
42488	1.2544
42489	1.2549
42493	1.2686
42494	1.2884
42495	1.2853
42496	1.2921
42499	1.2994
42500	1.2959
42501	1.2836
42502	1.2858
42503	1.294
42506	1.2887
42507	1.2885
42508	1.2928
42509	1.3116
42510	1.3136
42514	1.3118
42515	1.309
42516	1.2981
42517	1.3003
42521	1.31
42522	1.3091
42523	1.308
42524	1.2948
42527	1.2856
42528	1.2789
42529	1.2695
42530	1.2731
42531	1.2736
42534	1.2792
42535	1.2835
42536	1.2914
42537	1.3041
42538	1.2878
42541	1.2807
42542	1.2818
42543	1.282
42544	1.2752
42545	1.2952
42548	1.3078
42549	1.309
42550	1.2991
42551	1.3009
42555	1.2844
42556	1.2949
42557	1.3005
42558	1.2984
42559	1.3073
42562	1.3127
42563	1.3016
42564	1.2965
42565	1.2915
42566	1.2975
42569	1.2984
42570	1.3029
42571	1.304
42572	1.3057
42573	1.3178
42576	1.3225
42577	1.3209
42578	1.322
42579	1.317
42580	1.3041
42584	1.3089
42585	1.308
42586	1.3025
42587	1.318
42590	1.3164
42591	1.3117
42592	1.306
42593	1.3007
42594	1.2945
42597	1.2922
42598	1.2862
42599	1.2885
42600	1.2775
42601	1.2878
42604	1.2942
42605	1.2902
42606	1.294
42607	1.2937
42608	1.2947
42612	1.3076
42613	1.3124
42614	1.3107
42615	1.2999
42618	1.2999
42619	1.2843
42620	1.2895
42621	1.2909
42622	1.3033
42625	1.3077
42626	1.3167
42627	1.3189
42628	1.3146
42629	1.3213
42632	1.3181
42633	1.3228
42634	1.3186
42635	1.3039
42636	1.3165
42639	1.3197
42640	1.3248
42641	1.3242
42642	1.3101
42643	1.3117
42646	1.3137
42647	1.317
42648	1.3178
42649	1.321
42650	1.3304
42654	1.3239
42655	1.3277
42656	1.3219
42657	1.3168
42660	1.3138
42661	1.3104
42662	1.3107
42663	1.3198
42664	1.3324
42667	1.3388
42668	1.3334
42669	1.336
42670	1.3386
42671	1.3385
42674	1.3403
42675	1.3379
42676	1.339
42677	1.3386
42678	1.3412
42681	1.3383
42682	1.3337
42683	1.3408
42684	1.3475
42688	1.3582
42689	1.3468
42690	1.3416
42691	1.3429
42692	1.3519
42695	1.3437
42696	1.3444
42697	1.347
42698	1.3487
42699	1.3514
42702	1.3401
42703	1.3435
42704	1.3426
42705	1.3331
42706	1.3298
42709	1.3272
42710	1.3281
42711	1.3252
42712	1.3221
42713	1.3164
42716	1.314
42717	1.312
42718	1.3123
42719	1.3397
42720	1.3338
42723	1.3397
42724	1.3378
42725	1.3401
42726	1.3468
42727	1.3535
42732	1.3556
42733	1.3488
42734	1.3427
42738	1.3438
42739	1.3293
42740	1.3216
42741	1.3216
42744	1.3222
42745	1.3208
42746	1.3232
42747	1.313
42748	1.3135
42751	1.3163
42752	1.306
42753	1.3177
42754	1.3329
42755	1.3339
42758	1.3289
42759	1.3152
42760	1.3075
42761	1.3104
42762	1.3108
42765	1.3093
42766	1.303
42767	1.3089
42768	1.3019
42769	1.3004
42772	1.3117
42773	1.3167
42774	1.3157
42775	1.3141
42776	1.3074
42779	1.3071
42780	1.3093
42781	1.3084
42782	1.3058
42783	1.3116
42787	1.3149
42788	1.3187
42789	1.3109
42790	1.3104
42793	1.3101
42794	1.3248
42795	1.3346
42796	1.3384
42797	1.3419
42800	1.341
42801	1.3413
42802	1.3481
42803	1.3505
42804	1.3469
42807	1.3453
42808	1.3463
42809	1.3451
42810	1.3316
42811	1.3369
42814	1.3357
42815	1.332
42816	1.3347
42817	1.3333
42818	1.3373
42821	1.3368
42822	1.3363
42823	1.3372
42824	1.3279
42825	1.3322
