36524	4.1483
36528	4.1171
36529	4.1267
36530	4.1299
36531	4.1129
36532	4.0898
36535	4.062
36536	4.0457
36537	4.0718
36538	4.066
36542	4.0845
36543	4.0655
36544	4.0959
36545	4.0834
36546	4.0757
36549	4.0867
36550	4.1225
36551	4.1211
36552	4.1303
36553	4.1637
36556	4.2076
36557	4.2162
36558	4.2511
36559	4.2248
36560	4.1681
36563	4.1759
36564	4.1672
36565	4.1373
36566	4.1561
36567	4.1369
36570	4.1417
36571	4.1545
36572	4.136
36573	4.1136
36574	4.1021
36577	4.1127
36578	4.0876
36579	4.0986
36580	4.0769
36581	4.1258
36584	4.1698
36585	4.1531
36586	4.1607
36587	4.1248
36588	4.1252
36591	4.1119
36592	4.1316
36593	4.1312
36594	4.1245
36595	4.0926
36598	4.1021
36599	4.1011
36600	4.0817
36601	4.0757
36602	4.0773
36605	4.0696
36606	4.0462
36607	4.0553
36608	4.0653
36609	4.0403
36612	4.035
36613	4.0477
36614	4.0785
36615	4.1033
36616	4.1428
36619	4.1343
36620	4.1899
36621	4.1896
36622	4.1895
36623	4.1742
36626	4.1422
36627	4.1497
36628	4.0992
36629	4.1631
36630	4.1751
36633	4.2762
36634	4.2723
36635	4.2558
36636	4.288
36637	4.2948
36641	4.298
36642	4.3045
36643	4.306
36644	4.4234
36648	4.4548
36650	4.544
36651	4.6342
36654	4.5833
36655	4.5197
36656	4.4124
36657	4.4932
36658	4.46
36661	4.4413
36662	4.4086
36663	4.4581
36664	4.5321
36665	4.5163
36668	4.4916
36669	4.5093
36670	4.4994
36671	4.5013
36672	4.5186
36675	4.4975
36676	4.4602
36677	4.3914
36678	4.377
36679	4.3674
36682	4.3199
36683	4.3716
36684	4.3303
36685	4.396
36686	4.421
36689	4.4002
36690	4.3939
36692	4.3974
36693	4.4169
36696	4.3942
36697	4.3913
36698	4.4103
36700	4.4327
36703	4.4667
36704	4.42
36705	4.4045
36706	4.3992
36707	4.3907
36710	4.3651
36711	4.3126
36712	4.3004
36713	4.3204
36714	4.3212
36717	4.3078
36718	4.2644
36719	4.2833
36720	4.3257
36721	4.3345
36724	4.3333
36725	4.3053
36726	4.3404
36727	4.3578
36728	4.3048
36731	4.2952
36732	4.3096
36733	4.2922
36734	4.2971
36735	4.3327
36738	4.3388
36739	4.3524
36740	4.3738
36741	4.3773
36742	4.4051
36745	4.3978
36746	4.378
36747	4.3673
36748	4.3603
36749	4.3308
36752	4.3558
36754	4.3423
36755	4.3183
36756	4.3139
36759	4.3279
36760	4.3302
36761	4.3413
36762	4.3492
36763	4.3833
36767	4.3597
36768	4.3885
36769	4.3812
36770	4.4084
36773	4.3675
36774	4.3379
36775	4.3628
36776	4.4249
36777	4.416
36780	4.4264
36781	4.4534
36782	4.4919
36783	4.503
36784	4.4873
36787	4.5423
36788	4.5901
36789	4.602
36790	4.6084
36791	4.5857
36794	4.5453
36795	4.5733
36796	4.5528
36797	4.5454
36798	4.5404
36801	4.5119
36802	4.5769
36803	4.5477
36804	4.5458
36805	4.5645
36808	4.5418
36809	4.5621
36810	4.5893
36811	4.6623
36812	4.6913
36815	4.6768
36816	4.6898
36817	4.6762
36818	4.6969
36819	4.6601
36822	4.7116
36823	4.6975
36824	4.6847
36825	4.6764
36826	4.6842
36829	4.6718
36830	4.6845
36832	4.6128
36833	4.5365
36836	4.5101
36837	4.5312
36838	4.5519
36839	4.5924
36840	4.5622
36843	4.5902
36844	4.5666
36845	4.5434
36846	4.5768
36847	4.5708
36850	4.5754
36851	4.5688
36852	4.5744
36853	4.5857
36854	4.577
36857	4.5468
36858	4.4837
36859	4.5097
36860	4.4735
36861	4.4562
36864	4.464
36865	4.4251
36866	4.4093
36867	4.3813
36868	4.3965
36871	4.4105
36872	4.386
36873	4.3945
36874	4.365
36875	4.3395
36878	4.3217
36879	4.3035
36880	4.2759
36881	4.2351
36882	4.2042
36887	4.1487
36888	4.1414
36889	4.1432
36893	4.0961
36894	4.0727
36895	4.1212
36896	4.0846
36899	4.0991
36900	4.1182
36901	4.1578
36902	4.1523
36903	4.1114
36906	4.1087
36907	4.1016
36908	4.1004
36909	4.1125
36910	4.082
36913	4.1318
36914	4.096
36915	4.1095
36916	4.1449
36917	4.1244
36920	4.138
36921	4.1358
36922	4.0879
36923	4.0644
36924	4.0205
36927	4.0315
36928	4.063
36929	4.0816
36930	4.079
36931	4.1287
36934	4.096
36935	4.0815
36936	4.0825
36937	4.1039
36938	4.1004
36941	4.0823
36942	4.0985
36943	4.1046
36944	4.1542
36945	4.1451
36948	4.1225
36949	4.0859
36950	4.0749
36951	4.0284
36952	3.9637
36955	3.9972
36956	3.9945
36957	3.9515
36958	3.9837
36959	3.9788
36962	3.9848
36963	4.0555
36964	4.071
36965	4.0918
36966	4.1117
36969	4.1335
36970	4.1198
36971	4.1174
36972	4.1394
36973	4.1323
36976	4.114
36977	4.1081
36978	4.1171
36979	4.0905
36980	4.1
36983	4.1047
36984	4.0684
36985	4.0488
36986	4.0226
36987	4.019
36990	3.9988
36991	4.0109
36992	4.0322
36993	4.0273
36994	4.01
36998	4.0376
36999	4.0238
37000	3.9982
37001	3.9807
37004	4.0384
37005	4.073
37006	4.0235
37007	4.0164
37008	3.9622
37011	3.9761
37013	3.9497
37015	3.9552
37018	3.9443
37019	3.9475
37020	3.9528
37021	3.9741
37022	3.9678
37025	4.0306
37026	4.0174
37027	3.9827
37028	3.9656
37029	3.9693
37032	3.979
37033	3.9813
37034	3.9992
37035	3.9976
37036	3.9963
37039	4.0154
37040	4.038
37041	4.0232
37042	4.0083
37043	3.9827
37046	3.9746
37047	3.9852
37048	3.9711
37049	3.9977
37050	3.9908
37053	3.9697
37054	3.9643
37055	3.9432
37057	3.9441
37060	3.9612
37061	3.9703
37062	3.9945
37063	3.9918
37064	3.972
37067	3.9522
37069	3.9512
37070	3.9496
37071	3.9871
37074	4.0058
37075	3.9887
37076	3.9989
37077	4.0231
37078	4.0912
37081	4.2454
37082	4.2892
37083	4.5004
37084	4.2906
37085	4.2545
37088	4.2067
37089	4.2191
37090	4.1865
37091	4.2522
37092	4.2276
37095	4.1982
37096	4.1995
37097	4.2021
37098	4.1883
37099	4.2009
37102	4.2213
37103	4.2384
37104	4.2519
37105	4.2577
37106	4.2688
37109	4.2324
37110	4.2365
37111	4.2157
37112	4.2161
37113	4.2113
37116	4.2253
37117	4.2605
37119	4.2657
37120	4.2768
37123	4.3068
37124	4.265
37125	4.2692
37126	4.2402
37127	4.2238
37130	4.2373
37131	4.2508
37132	4.2214
37133	4.234
37134	4.2336
37137	4.2235
37138	4.2602
37139	4.2455
37140	4.256
37141	4.2317
37144	4.201
37145	4.2165
37146	4.2468
37147	4.2348
37148	4.2315
37151	4.2428
37152	4.2347
37153	4.2272
37154	4.2025
37155	4.1305
37158	4.1898
37159	4.2052
37160	4.2253
37161	4.1843
37162	4.2367
37165	4.2281
37166	4.2318
37167	4.1951
37168	4.2058
37169	4.1505
37172	4.1693
37173	4.168
37174	4.1587
37175	4.1211
37176	4.1397
37179	4.1174
37180	4.0906
37181	4.0922
37182	4.0901
37183	4.1019
37186	4.1163
37187	4.12
37188	4.1163
37189	4.1291
37190	4.1019
37193	4.083
37194	4.1148
37195	4.0987
37197	4.0996
37200	4.1196
37201	4.095
37202	4.0662
37203	4.0639
37204	4.0663
37207	4.0662
37208	4.0793
37209	4.1045
37210	4.096
37211	4.1401
37214	4.1191
37215	4.1052
37216	4.088
37217	4.1012
37218	4.1017
37221	4.0962
37222	4.0781
37223	4.0681
37224	4.0732
37225	4.0874
37228	4.0485
37229	4.0208
37230	4.0334
37231	4.0792
37232	4.0482
37235	4.0847
37236	4.0717
37237	4.0523
37238	4.0312
37239	4.0227
37242	3.9893
37243	3.9557
37244	3.9887
37245	3.972
37246	3.9692
37249	3.9888
37252	3.992
37253	3.9601
37256	3.9863
37258	3.948
37259	3.9574
37260	3.9383
37263	3.9079
37264	3.9322
37265	3.9667
37266	3.9637
37267	4.0547
37270	4.0116
37271	4.0351
37272	4.0851
37273	4.1256
37274	4.188
37277	4.1417
37278	4.12
37279	4.11
37280	4.1291
37281	4.1627
37284	4.1522
37285	4.1067
37286	4.1387
37287	4.1637
37288	4.175
37291	4.2144
37292	4.1885
37293	4.2062
37294	4.2628
37295	4.2247
37298	4.1863
37299	4.1723
37300	4.1593
37301	4.2018
37302	4.1793
37305	4.15
37306	4.1476
37307	4.1612
37308	4.1739
37309	4.1742
37312	4.168
37313	4.189
37314	4.1946
37315	4.2046
37316	4.2331
37319	4.1898
37320	4.1642
37321	4.1473
37322	4.1376
37323	4.1617
37326	4.1464
37327	4.1446
37328	4.163
37329	4.1462
37330	4.1156
37333	4.1106
37334	4.1067
37335	4.1159
37336	4.1036
37337	4.1085
37340	4.1269
37341	4.1343
37342	4.1159
37343	4.1173
37344	4.1321
37348	4.1113
37349	4.0897
37350	4.0858
37351	4.0969
37354	4.0861
37355	4.0983
37356	4.0865
37357	4.088
37358	4.0607
37361	4.06
37362	4.062
37363	4.0543
37364	4.0389
37365	4.0326
37368	4.0412
37369	4.0381
37370	4.044
37371	4.0352
37372	4.0284
37375	3.9827
37376	3.9802
37378	3.9776
37382	3.9801
37383	3.9625
37384	3.9849
37385	4.0155
37386	3.9998
37389	4.0147
37390	4.1066
37391	4.0637
37392	4.1042
37393	4.1209
37396	4.0978
37397	4.083
37398	4.0953
37399	4.0924
37400	4.0958
37403	4.0732
37404	4.0545
37405	4.0535
37407	4.0311
37410	4.025
37411	4.0155
37412	4.0228
37413	4.0164
37414	4.0035
37417	4.0264
37418	4.0265
37419	4.0294
37420	4.0274
37421	4.0232
37424	4.042
37425	4.0455
37426	4.0146
37427	4.0331
37428	4.021
37431	4.0141
37432	4.0278
37433	4.0034
37434	4.0413
37435	4.0418
37438	4.0529
37439	4.0025
37440	4.1135
37441	4.112
37442	4.1573
37445	4.1395
37446	4.2258
37447	4.1751
37448	4.1698
37449	4.1751
37452	4.1697
37453	4.1668
37454	4.1113
37455	4.0836
37456	4.0431
37459	4.0207
37460	4.0838
37461	4.1156
37462	4.0713
37463	4.0925
37466	4.1178
37467	4.1453
37468	4.1685
37469	4.1784
37470	4.2108
37473	4.1703
37474	4.1889
37475	4.2045
37476	4.1794
37477	4.1938
37480	4.186
37481	4.18
37482	4.1608
37484	4.1788
37487	4.1689
37488	4.1502
37489	4.1368
37490	4.1913
37491	4.1965
37494	4.1842
37495	4.1648
37496	4.1711
37497	4.1471
37498	4.142
37501	4.1272
37503	4.1138
37504	4.1415
37505	4.167
37508	4.1699
37509	4.1563
37510	4.1559
37511	4.1592
37512	4.1613
37515	4.1951
37516	4.1893
37517	4.1723
37518	4.1383
37519	4.1272
37522	4.1314
37523	4.1532
37524	4.1333
37525	4.1329
37526	4.1474
37529	4.1482
37530	4.143
37531	4.1434
37532	4.1454
37533	4.1455
37536	4.1625
37537	4.1654
37538	4.1706
37539	4.1368
37540	4.1218
37543	4.1174
37544	4.1239
37545	4.1381
37546	4.1638
37547	4.1703
37550	4.1412
37551	4.1282
37552	4.1127
37553	4.0935
37554	4.0752
37557	4.0571
37558	4.0499
37559	4.0504
37560	4.0324
37564	3.996
37565	3.978
37566	3.9812
37567	3.9504
37568	3.9319
37572	3.9174
37573	3.9225
37574	3.9398
37575	3.932
37578	3.9158
37579	3.8798
37580	3.9208
37581	3.943
37582	3.9315
37585	3.9444
37586	3.987
37587	3.9763
37588	3.9865
37589	4.0078
37592	3.9998
37593	3.9785
37594	3.9816
37595	3.9882
37596	3.9893
37599	3.9593
37600	3.936
37601	3.9398
37602	3.9134
37603	3.8868
37606	3.8815
37607	3.8751
37608	3.9013
37609	3.891
37610	3.8859
37613	3.8642
37614	3.8736
37617	3.8514
37620	3.8369
37621	3.8388
37623	3.8283
37624	3.8403
37627	3.8204
37628	3.8335
37629	3.8424
37630	3.828
37631	3.8214
37634	3.8086
37635	3.8094
37636	3.8152
37637	3.7914
37638	3.8091
37641	3.8146
37642	3.8195
37643	3.868
37644	3.9418
37645	3.8688
37648	3.8481
37649	3.8487
37650	3.8036
37651	3.7993
37652	3.8173
37655	3.8326
37656	3.8427
37657	3.8191
37658	3.858
37659	3.8575
37662	3.8585
37663	3.8712
37664	3.8498
37665	3.8548
37666	3.8559
37669	3.873
37670	3.8631
37671	3.8705
37672	3.8882
37673	3.879
37676	3.8902
37677	3.8824
37678	3.885
37679	3.8873
37680	3.9135
37683	3.9588
37684	3.9518
37685	3.9314
37686	3.9093
37687	3.8959
37690	3.9335
37691	3.9527
37692	3.9639
37693	4.0287
37694	3.999
37697	4.0265
37698	4.0648
37699	4.0693
37700	4.0625
37701	4.0698
37704	4.0746
37705	4.0621
37706	4.0635
37707	4.0571
37708	4.0736
37711	4.0512
37712	4.0823
37713	4.0746
37714	4.0598
37715	4.069
37718	4.091
37719	4.0554
37720	3.9948
37721	3.9542
37722	3.9711
37725	3.9443
37726	3.9469
37727	3.9573
37728	3.918
37729	3.9139
37733	3.908
37734	3.889
37735	3.8963
37736	3.8898
37739	3.8783
37740	3.8945
37741	3.8406
37743	3.8015
37746	3.7871
37747	3.7608
37748	3.7878
37749	3.7852
37750	3.7659
37753	3.7438
37754	3.7591
37755	3.7576
37756	3.7755
37757	3.7768
37760	3.7087
37761	3.7191
37762	3.739
37763	3.7061
37764	3.6919
37767	3.679
37768	3.6709
37769	3.6977
37770	3.7454
37771	3.7109
37774	3.7512
37775	3.7499
37776	3.7869
37777	3.8218
37778	3.7437
37781	3.744
37782	3.7882
37783	3.7867
37784	3.7813
37785	3.7701
37788	3.7213
37789	3.7245
37790	3.7257
37792	3.7916
37795	3.8265
37796	3.872
37797	3.8788
37798	3.8884
37799	3.9336
37802	3.8966
37803	3.8525
37804	3.8365
37805	3.8729
37806	3.8905
37809	3.8907
37810	3.9299
37811	3.9305
37812	3.9311
37813	3.9274
37816	3.9437
37817	3.9393
37818	3.9806
37819	3.9988
37820	3.993
37823	3.963
37824	3.9161
37825	3.919
37826	3.8474
37827	3.8475
37830	3.8441
37831	3.8311
37832	3.8248
37833	3.8721
37834	3.9023
37837	3.8735
37838	3.8418
37839	3.8414
37840	3.8533
37841	3.8487
37844	3.8698
37845	3.848
37846	3.887
37847	3.871
37851	3.8928
37852	3.9341
37853	3.9328
37854	3.9551
37855	3.9976
37858	4.0006
37859	4.0198
37860	4.0072
37861	4.001
37862	3.9944
37865	3.9698
37866	4.0054
37867	4.0398
37868	4.026
37869	4.028
37872	4.0045
37873	3.9867
37874	3.968
37875	3.9475
37876	3.9697
37879	3.94
37880	3.9789
37881	4.0431
37882	4.0197
37883	3.9931
37886	3.9353
37887	3.9135
37888	3.9146
37889	3.9259
37890	3.9613
37893	3.9915
37894	3.9799
37895	3.9143
37896	3.8973
37897	3.885
37900	3.9169
37901	3.872
37902	3.8538
37903	3.8096
37904	3.8683
37907	3.8599
37908	3.8925
37909	3.9013
37910	3.9681
37911	3.9684
37914	3.9505
37915	3.9431
37916	3.9459
37917	3.9372
37918	3.945
37921	3.9616
37922	3.9745
37923	3.9743
37924	3.9889
37925	4.0234
37928	4.0198
37929	4.0373
37930	3.9975
37931	4.0235
37932	4.0128
37935	3.9903
37937	3.9628
37938	3.9198
37939	3.8817
37942	3.8703
37943	3.8968
37944	3.8694
37945	3.8783
37946	3.913
37949	3.9363
37950	3.9456
37951	3.9349
37952	3.917
37953	3.935
37956	3.8738
37957	3.903
37958	3.8525
37959	3.8385
37960	3.8371
37963	3.8186
37964	3.8084
37965	3.813
37966	3.8227
37967	3.8035
37970	3.8072
37971	3.7532
37972	3.7543
37973	3.7465
37974	3.7406
37977	3.7373
37978	3.7416
37979	3.7534
37984	3.7433
37985	3.7604
37986	3.7405
37988	3.7327
37991	3.7079
37992	3.6707
37993	3.6938
37994	3.7078
37995	3.6845
37998	3.6456
37999	3.6868
38000	3.7363
38001	3.7433
38002	3.7823
38005	3.8165
38006	3.7951
38007	3.7334
38008	3.7033
38009	3.6765
38012	3.74
38013	3.791
38014	3.7557
38015	3.79
38016	3.8478
38019	3.8319
38020	3.8348
38021	3.8094
38022	3.8346
38023	3.8688
38026	3.8034
38027	3.7801
38028	3.8282
38029	3.7827
38030	3.7953
38033	3.8044
38034	3.7893
38035	3.7878
38036	3.8472
38037	3.8805
38040	3.9015
38041	3.8738
38042	3.856
38043	3.8851
38044	3.9313
38047	3.9351
38048	3.9246
38049	3.9828
38050	3.9568
38051	3.9556
38054	3.8883
38055	3.866
38056	3.8688
38057	3.9133
38058	3.8882
38061	3.8544
38062	3.829
38063	3.8589
38064	3.8624
38065	3.8359
38068	3.8433
38069	3.8122
38070	3.8269
38071	3.8821
38072	3.9275
38075	3.9079
38076	3.8835
38077	3.8813
38078	3.8578
38079	3.8546
38082	3.897
38083	3.9241
38084	3.9048
38085	3.8936
38086	3.9073
38090	3.9438
38091	3.9785
38092	4.0286
38093	3.9988
38096	3.961
38097	3.9994
38098	4.0102
38099	4.0148
38100	4.0062
38103	4.027
38104	4.0183
38105	4.011
38106	4.0572
38107	4.0254
38111	3.9731
38112	3.9073
38113	3.9242
38114	3.9377
38117	4.0159
38118	4.0086
38119	4.0045
38120	4.0299
38121	4.034
38124	3.9753
38125	3.959
38126	3.9244
38127	3.9329
38128	3.9096
38131	3.9045
38132	3.8476
38133	3.8518
38134	3.83
38135	3.8012
38138	3.8044
38139	3.796
38140	3.7976
38141	3.8098
38142	3.8093
38145	3.7815
38146	3.7333
38147	3.7644
38149	3.8238
38152	3.808
38153	3.7927
38154	3.775
38155	3.8018
38156	3.8114
38159	3.7858
38160	3.805
38161	3.7742
38162	3.7583
38163	3.7658
38166	3.7327
38167	3.7425
38168	3.747
38169	3.7058
38170	3.7166
38173	3.6774
38174	3.6859
38175	3.659
38176	3.6674
38177	3.6651
38180	3.6288
38181	3.6123
38182	3.6102
38183	3.5877
38184	3.5844
38187	3.5564
38188	3.5905
38189	3.6181
38190	3.6398
38191	3.6326
38194	3.6535
38195	3.6478
38196	3.6711
38197	3.6663
38198	3.6299
38201	3.6292
38202	3.677
38203	3.6962
38204	3.6565
38205	3.644
38208	3.5666
38209	3.5721
38210	3.6311
38211	3.598
38212	3.6551
38215	3.6022
38216	3.586
38217	3.6048
38218	3.6184
38219	3.6163
38222	3.6332
38223	3.6485
38224	3.67
38225	3.6883
38226	3.7054
38229	3.6948
38230	3.6816
38231	3.655
38232	3.6428
38233	3.6361
38236	3.6576
38237	3.6187
38238	3.6388
38239	3.6007
38240	3.6012
38243	3.5889
38244	3.5802
38245	3.5528
38246	3.5761
38247	3.5672
38250	3.5515
38251	3.5348
38252	3.5213
38253	3.5358
38254	3.5423
38257	3.5468
38258	3.5483
38259	3.5322
38260	3.5569
38261	3.5253
38264	3.5088
38265	3.5198
38266	3.5086
38267	3.5226
38268	3.5166
38271	3.4795
38272	3.4855
38273	3.4949
38274	3.4736
38275	3.478
38278	3.4388
38279	3.4395
38280	3.4169
38281	3.4161
38282	3.4052
38285	3.3705
38286	3.4077
38287	3.409
38288	3.4123
38289	3.396
38293	3.3922
38294	3.3928
38295	3.3633
38296	3.3397
38299	3.3012
38300	3.3044
38301	3.2985
38303	3.3185
38306	3.2973
38307	3.285
38308	3.2758
38309	3.2519
38310	3.2781
38313	3.2423
38314	3.2427
38315	3.203
38316	3.1984
38317	3.1912
38320	3.1845
38321	3.1793
38322	3.1478
38323	3.1196
38324	3.1466
38327	3.1034
38328	3.1093
38329	3.1393
38330	3.1369
38331	3.2017
38334	3.1593
38335	3.147
38336	3.1265
38337	3.1042
38338	3.1242
38341	3.0843
38342	3.07
38343	3.0625
38344	3.0353
38345	3.014
38348	3.0177
38349	2.9716
38350	2.9784
38351	2.9953
38352	2.9904
38355	3.0123
38356	3.0406
38357	3.1153
38358	3.1277
38359	3.1037
38362	3.1091
38363	3.0965
38364	3.1079
38365	3.0914
38366	3.1043
38369	3.1087
38370	3.1338
38371	3.1221
38372	3.164
38373	3.1449
38376	3.1133
38377	3.1116
38378	3.1306
38379	3.1088
38380	3.1163
38383	3.12
38384	3.1088
38385	3.1046
38386	3.0621
38387	3.0739
38390	3.0822
38391	3.1092
38392	3.1321
38393	3.1275
38394	3.1362
38397	3.0962
38398	3.0699
38399	3.056
38400	3.0622
38401	3.0568
38404	3.0517
38405	3.011
38406	2.9954
38407	2.9757
38408	2.9627
38411	2.9501
38412	2.956
38413	2.9845
38414	2.9837
38415	2.9944
38418	2.9364
38419	2.9354
38420	2.9066
38421	2.9527
38422	2.9492
38425	2.969
38426	2.9969
38427	3.0459
38428	3.0783
38429	3.0496
38432	3.084
38433	3.1063
38434	3.1656
38435	3.1758
38436	3.1789
38440	3.2217
38441	3.1793
38442	3.1518
38443	3.1478
38446	3.1948
38447	3.2212
38448	3.1868
38449	3.1761
38453	3.1607
38454	3.1479
38455	3.1494
38456	3.1988
38457	3.2166
38460	3.2115
38461	3.23
38462	3.2005
38463	3.1874
38464	3.2111
38467	3.2391
38468	3.2351
38469	3.2804
38470	3.2875
38471	3.2988
38474	3.32
38476	3.2703
38477	3.2179
38478	3.203
38481	3.2133
38482	3.2385
38483	3.2483
38484	3.2513
38485	3.2984
38488	3.3355
38489	3.3319
38490	3.3323
38491	3.2858
38492	3.2915
38495	3.3459
38496	3.3263
38497	3.3274
38499	3.3362
38502	3.312
38503	3.3265
38504	3.3788
38505	3.3638
38506	3.3569
38509	3.3353
38510	3.3004
38511	3.3017
38512	3.3022
38513	3.2947
38516	3.3455
38517	3.3421
38518	3.3483
38519	3.3411
38520	3.3453
38523	3.3484
38524	3.3508
38525	3.3205
38526	3.3239
38527	3.3396
38530	3.3151
38531	3.3555
38532	3.3664
38533	3.3461
38534	3.3441
38537	3.3643
38538	3.3706
38539	3.4005
38540	3.4491
38541	3.4351
38544	3.401
38545	3.3725
38546	3.3918
38547	3.4371
38548	3.4343
38551	3.4194
38552	3.427
38553	3.424
38554	3.3964
38555	3.3747
38558	3.4062
38559	3.4255
38560	3.4305
38561	3.3885
38562	3.3689
38565	3.327
38566	3.3178
38567	3.3331
38568	3.3078
38569	3.292
38572	3.2851
38573	3.2658
38574	3.2556
38575	3.2503
38576	3.2353
38580	3.2717
38581	3.2765
38582	3.2685
38583	3.3074
38586	3.311
38587	3.2843
38588	3.2931
38589	3.2938
38590	3.2952
38593	3.3032
38594	3.3153
38595	3.314
38596	3.2171
38597	3.1609
38600	3.1355
38601	3.1699
38602	3.1352
38603	3.1638
38604	3.1848
38607	3.1911
38608	3.2023
38609	3.2036
38610	3.1844
38611	3.1738
38614	3.2077
38615	3.2014
38616	3.1923
38617	3.1977
38618	3.2241
38621	3.2436
38622	3.2327
38623	3.2515
38624	3.239
38625	3.2575
38628	3.2799
38629	3.2978
38630	3.2857
38631	3.2613
38632	3.2398
38635	3.1986
38636	3.214
38637	3.2345
38638	3.2563
38639	3.2738
38642	3.2368
38643	3.2486
38644	3.2661
38645	3.2542
38646	3.2421
38649	3.2706
38650	3.2648
38651	3.2573
38652	3.2967
38653	3.2831
38656	3.3067
38658	3.2978
38659	3.2893
38660	3.3293
38663	3.4039
38664	3.4301
38665	3.3955
38666	3.4181
38670	3.3988
38671	3.4177
38672	3.3915
38673	3.4075
38674	3.4055
38677	3.3669
38678	3.3954
38679	3.3501
38680	3.3303
38681	3.3346
38684	3.3426
38685	3.2957
38686	3.3165
38687	3.3366
38688	3.3138
38691	3.2979
38692	3.2555
38693	3.2742
38694	3.2828
38695	3.2817
38698	3.2435
38699	3.206
38700	3.1865
38701	3.196
38702	3.2257
38705	3.2215
38706	3.2101
38707	3.2245
38708	3.2393
38709	3.2325
38713	3.2308
38714	3.2262
38715	3.257
38716	3.2613
38719	3.2582
38720	3.2488
38721	3.1858
38722	3.1416
38723	3.1507
38726	3.1228
38727	3.128
38728	3.1353
38729	3.1229
38730	3.1542
38733	3.1321
38734	3.1521
38735	3.1887
38736	3.1772
38737	3.1868
38740	3.1397
38741	3.1333
38742	3.095
38743	3.1253
38744	3.1379
38747	3.1559
38748	3.163
38749	3.1409
38750	3.172
38754	3.1838
38755	3.1842
38756	3.1949
38757	3.1896
38758	3.1638
38761	3.1893
38762	3.1868
38763	3.1768
38764	3.17
38765	3.1669
38768	3.1456
38769	3.1701
38770	3.1991
38771	3.1715
38772	3.1807
38775	3.1803
38776	3.1768
38777	3.1627
38778	3.158
38779	3.167
38782	3.166
38783	3.2347
38784	3.2453
38785	3.2478
38786	3.2643
38789	3.2652
38790	3.29
38791	3.2277
38792	3.2118
38793	3.145
38796	3.1909
38797	3.211
38798	3.2458
38799	3.2269
38800	3.2617
38803	3.2335
38804	3.268
38805	3.3008
38806	3.2611
38807	3.2491
38810	3.2538
38811	3.2417
38812	3.2418
38813	3.2389
38814	3.2543
38817	3.2659
38818	3.2576
38819	3.2255
38820	3.2477
38821	3.2499
38825	3.2071
38826	3.1567
38827	3.1528
38828	3.1541
38831	3.1218
38832	3.1172
38833	3.1334
38834	3.1086
38835	3.0841
38839	3.0571
38841	3.0406
38842	3.0129
38845	2.9929
38846	3.0157
38847	3.0104
38848	3.006
38849	3.0012
38852	3.0608
38853	3.064
38854	3.0039
38855	3.0875
38856	3.0828
38859	3.1023
38860	3.0841
38861	3.0842
38862	3.085
38863	3.0642
38866	3.0747
38867	3.0628
38868	3.0671
38869	3.0833
38870	3.0627
38873	3.0482
38874	3.072
38875	3.0817
38876	3.0989
38877	3.1248
38880	3.1553
38881	3.2012
38882	3.1936
38884	3.186
38887	3.2104
38888	3.2288
38889	3.231
38890	3.2186
38891	3.2715
38894	3.2683
38895	3.2308
38896	3.2471
38897	3.2592
38898	3.1816
38901	3.1708
38902	3.1264
38903	3.153
38904	3.1813
38905	3.152
38908	3.1619
38909	3.1611
38910	3.1585
38911	3.1885
38912	3.1861
38915	3.2155
38916	3.2185
38917	3.2181
38918	3.1387
38919	3.1193
38922	3.1375
38923	3.1038
38924	3.1181
38925	3.0725
38926	3.0945
38929	3.0831
38930	3.0881
38931	3.0748
38932	3.0698
38933	3.057
38936	3.0086
38937	3.0151
38938	3.0053
38939	3.0035
38940	3.025
38943	3.0358
38945	3.0333
38946	3.003
38947	3.0284
38950	3.0373
38951	3.0358
38952	3.0416
38953	3.0556
38954	3.0789
38957	3.0691
38958	3.0821
38959	3.0784
38960	3.0651
38961	3.0845
38964	3.089
38965	3.0918
38966	3.0921
38967	3.1194
38968	3.1323
38971	3.1338
38972	3.1322
38973	3.1276
38974	3.1244
38975	3.1185
38978	3.1123
38979	3.125
38980	3.1132
38981	3.1035
38982	3.106
38985	3.1065
38986	3.1172
38987	3.1314
38988	3.1315
38989	3.1425
38992	3.135
38993	3.1068
38994	3.1086
38995	3.0967
38996	3.1034
38999	3.1109
39000	3.1103
39001	3.1096
39002	3.12
39003	3.1002
39006	3.0992
39007	3.1011
39008	3.1125
39009	3.0947
39010	3.0573
39013	3.0713
39014	3.0865
39015	3.0933
39016	3.0669
39017	3.0595
39020	3.0593
39021	3.0631
39023	3.0248
39024	3.0261
39027	3.0135
39028	3
39029	2.993
39030	3.0023
39031	2.984
39034	2.9811
39035	2.9772
39036	2.9715
39037	2.9682
39038	2.9761
39041	2.9639
39042	2.9608
39043	2.9554
39044	2.945
39045	2.9325
39048	2.9176
39049	2.9176
39050	2.9035
39051	2.8911
39052	2.87
39055	2.8672
39056	2.8628
39057	2.8678
39058	2.8669
39059	2.887
39062	2.8927
39063	2.8763
39064	2.8639
39065	2.8738
39066	2.8925
39069	2.8951
39070	2.8896
39071	2.8849
39072	2.8796
39073	2.8908
39078	2.9183
39079	2.9194
39080	2.9105
39084	2.883
39085	2.887
39086	2.9325
39087	2.9733
39090	2.9788
39091	2.9647
39092	2.9943
39093	2.9889
39094	3.0045
39097	2.9918
39098	2.9895
39099	3.0113
39100	2.9955
39101	2.9677
39104	2.963
39105	2.9747
39106	2.9845
39107	2.9912
39108	3.0334
39111	3.0376
39112	3.0395
39113	3.04
39114	2.9973
39115	3.0006
39118	3.0016
39119	2.991
39120	2.9741
39121	2.9835
39122	2.9902
39125	3.009
39126	3.0145
39127	2.9864
39128	2.9683
39129	2.9769
39132	2.968
39133	2.9559
39134	2.9637
39135	2.9637
39136	2.962
39139	2.9573
39140	2.962
39141	2.9699
39142	2.979795
39143	2.965
39146	2.9821
39147	2.9758
39148	2.9729
39149	2.9561
39150	2.9507
39153	2.938
39154	2.9521
39155	2.9583
39156	2.9469
39157	2.933
39160	2.917
39161	2.9158
39162	2.9143
39163	2.8977
39164	2.9108
39167	2.9171
39168	2.9011
39169	2.9163
39170	2.9074
39171	2.9058
39174	2.893
39175	2.8817
39176	2.8846
39177	2.8746
39178	2.8629
39182	2.8653
39183	2.8509
39184	2.8499
39185	2.8405
39188	2.8217
39189	2.8241
39190	2.8005
39191	2.8071
39192	2.7894
39195	2.7866
39196	2.7925
39197	2.7741
39198	2.7668
39199	2.7767
39202	2.7859
39204	2.7755
39206	2.7615
39209	2.7549
39210	2.7624
39211	2.7787
39212	2.767
39213	2.808
39216	2.7773
39217	2.7898
39218	2.7805
39219	2.7996
39220	2.8081
39223	2.7952
39224	2.802
39225	2.827
39226	2.8265
39227	2.8369
39230	2.827
39231	2.8353
39232	2.8467
39233	2.8415
39234	2.8375
39237	2.8212
39238	2.8163
39239	2.8257
39241	2.8732
39244	2.8746
39245	2.8685
39246	2.8953
39247	2.8744
39248	2.8625
39251	2.8364
39252	2.8414
39253	2.8191
39254	2.8338
39255	2.8229
39258	2.816
39259	2.82
39260	2.8343
39261	2.8074
39262	2.7989
39265	2.7695
39266	2.7625
39267	2.7622
39268	2.7593
39269	2.7755
39272	2.752
39273	2.7595
39274	2.7464
39275	2.7244
39276	2.7161
39279	2.721
39280	2.7223
39281	2.7285
39282	2.7146
39283	2.7236
39286	2.7258
39287	2.7202
39288	2.7546
39289	2.7752
39290	2.787
39293	2.78
39294	2.7653
39295	2.7939
39296	2.7786
39297	2.7619
39300	2.742
39301	2.745
39302	2.7451
39303	2.7382
39304	2.76
39307	2.7641
39308	2.7873
39310	2.8507
39311	2.8533
39314	2.835
39315	2.855
39316	2.8446
39317	2.8289
39318	2.8228
39321	2.8055
39322	2.8084
39323	2.831
39324	2.8072
39325	2.799
39328	2.7995
39329	2.8131
39330	2.8105
39331	2.7963
39332	2.7853
39335	2.7619
39336	2.7513
39337	2.7233
39338	2.7126
39339	2.7254
39342	2.728
39343	2.7315
39344	2.7008
39345	2.6847
39346	2.6763
39349	2.6675
39350	2.6742
39351	2.6761
39352	2.6726
39353	2.6647
39356	2.6483
39357	2.6543
39358	2.661
39359	2.6745
39360	2.6681
39363	2.6635
39364	2.675
39365	2.6505
39366	2.6375
39367	2.6285
39370	2.6135
39371	2.6223
39372	2.616
39373	2.6016
39374	2.5761
39377	2.5753
39378	2.573
39379	2.5702
39380	2.5522
39381	2.5227
39384	2.5145
39385	2.5238
39386	2.5155
39388	2.5184
39391	2.5181
39392	2.5018
39393	2.4672
39394	2.4829
39395	2.462
39398	2.4935
39399	2.5006
39400	2.475
39401	2.5028
39402	2.513
39405	2.5057
39406	2.4933
39407	2.4902
39408	2.4855
39409	2.4857
39412	2.4725
39413	2.4876
39414	2.4851
39415	2.472
39416	2.4589
39419	2.473
39420	2.4675
39421	2.4499
39422	2.4585
39423	2.4525
39426	2.4378
39427	2.426
39428	2.4359
39429	2.4373
39430	2.4747
39433	2.5237
39434	2.5133
39435	2.5115
39436	2.5242
39437	2.5168
39440	2.51
39443	2.4949
39444	2.4566
39447	2.435
39449	2.455
39450	2.455
39451	2.4529
39454	2.4511
39455	2.4463
39456	2.4429
39457	2.445
39458	2.422
39461	2.4055
39462	2.4052
39463	2.4272
39464	2.4606
39465	2.4782
39468	2.5112
39469	2.5263
39470	2.4861
39471	2.4784
39472	2.4542
39475	2.4665
39476	2.4501
39477	2.4503
39478	2.4438
39479	2.4215
39482	2.4082
39483	2.4281
39484	2.458
39485	2.4568
39486	2.4971
39489	2.4906
39490	2.4895
39491	2.47
39492	2.4543
39493	2.4453
39496	2.4461
39497	2.429
39498	2.4342
39499	2.4255
39500	2.4074
39503	2.4049
39504	2.3785
39505	2.3507
39506	2.332
39507	2.3155
39510	2.3305
39511	2.3171
39512	2.3255
39513	2.3075
39514	2.3189
39517	2.3213
39518	2.3028
39519	2.2915
39520	2.2741
39521	2.2664
39524	2.256
39525	2.244
39526	2.2442
39527	2.2841
39528	2.2882
39532	2.2688
39533	2.2489
39534	2.2356
39535	2.2363
39538	2.2305
39539	2.239
39540	2.235
39541	2.2315
39542	2.2175
39545	2.2084
39546	2.2018
39547	2.1997
39548	2.1755
39549	2.16
39552	2.173
39553	2.15
39554	2.151
39555	2.1502
39556	2.1499
39559	2.1596
39560	2.1444
39561	2.134
39562	2.17
39563	2.2044
39566	2.2002
39567	2.2115
39568	2.2267
39570	2.2291
39573	2.2199
39574	2.2203
39575	2.2142
39576	2.2303
39577	2.2006
39580	2.1995
39581	2.1861
39582	2.201
39583	2.1913
39584	2.1861
39587	2.165
39588	2.1758
39589	2.1522
39591	2.1675
39594	2.1623
39595	2.1578
39596	2.161
39597	2.1728
39598	2.1824
39601	2.175
39602	2.1611
39603	2.1843
39604	2.1845
39605	2.1727
39608	2.1447
39609	2.1755
39610	2.1787
39611	2.1941
39612	2.2035
39615	2.1941
39616	2.1835
39617	2.1805
39618	2.1731
39619	2.1625
39622	2.1681
39623	2.1605
39624	2.1538
39625	2.142
39626	2.1366
39629	2.1194
39630	2.1293
39631	2.1222
39632	2.114
39633	2.1199
39636	2.1193
39637	2.1015
39638	2.0956
39639	2.0843
39640	2.071
39643	2.0529
39644	2.0405
39645	2.0276
39646	2.0331
39647	2.0309
39650	2.022
39651	2.0235
39652	2.072
39653	2.0655
39654	2.042
39657	2.04
39658	2.0494
39659	2.0539
39660	2.0509
39661	2.0665
39664	2.06
39665	2.0777
39666	2.0875
39667	2.0975
39668	2.1495
39671	2.162
39672	2.2078
39673	2.1915
39674	2.2233
39678	2.2625
39679	2.2744
39680	2.2427
39681	2.243
39682	2.224
39685	2.247
39686	2.2674
39687	2.2605
39688	2.2688
39689	2.2691
39692	2.279
39693	2.3133
39694	2.336
39695	2.3263
39696	2.4094
39699	2.4324
39700	2.4513
39701	2.45
39702	2.4505
39703	2.3793
39706	2.3591
39707	2.3763
39708	2.3472
39709	2.3428
39710	2.3381
39713	2.248
39714	2.2492
39715	2.2531
39716	2.2663
39717	2.2985
39720	2.3641
39721	2.3708
39722	2.3895
39723	2.447
39724	2.4676
39727	2.5291
39728	2.5451
39729	2.5648
39730	2.4835
39731	2.6115
39734	2.6029
39735	2.5652
39736	2.5998
39737	2.6385
39738	2.6509
39741	2.6354
39742	2.7199
39743	2.8812
39744	2.9788
39745	3.1303
39748	3.0823
39749	2.9714
39750	2.8454
39751	2.73
39752	2.8472
39755	2.7703
39756	2.7946
39757	2.7306
39758	2.7571
39759	2.8428
39762	2.8332
39764	3.0065
39765	3.0042
39766	2.9457
39769	2.9426
39770	3.0665
39771	3.0502
39772	3.0845
39773	3.0151
39776	3.0762
39777	2.9891
39778	2.9197
39779	2.9047
39780	2.9196
39783	3.0338
39784	3.0394
39785	3.0468
39786	3.0805
39787	3.0476
39790	3.0035
39791	3.0548
39792	3.061
39793	3.0257
39794	2.9709
39797	2.9561
39798	2.9683
39799	2.8948
39800	2.8463
39801	2.913
39804	2.9081
39805	2.9476
39806	2.9313
39811	2.9293
39812	2.9072
39813	2.9618
39815	2.991
39818	3.0088
39819	3.0214
39820	2.8844
39821	2.9561
39822	2.9551
39825	3.0183
39826	3.1162
39827	3.1296
39828	3.211
39829	3.1353
39832	3.2473
39833	3.3381
39834	3.3468
39835	3.3024
39836	3.438
39839	3.3911
39840	3.2549
39841	3.2992
39842	3.3653
39843	3.4561
39846	3.4828
39847	3.523
39848	3.607
39849	3.6112
39850	3.5564
39853	3.5165
39854	3.4653
39855	3.4983
39856	3.5761
39857	3.5949
39860	3.736
39861	3.8238
39862	3.8978
39863	3.6952
39864	3.7823
39867	3.6592
39868	3.6602
39869	3.6312
39870	3.6869
39871	3.6758
39874	3.7674
39875	3.7563
39876	3.7906
39877	3.7358
39878	3.7436
39881	3.7458
39882	3.7273
39883	3.6342
39884	3.6105
39885	3.4721
39888	3.4625
39889	3.4373
39890	3.4774
39891	3.3657
39892	3.3942
39895	3.3533
39896	3.333
39897	3.3784
39898	3.3605
39899	3.4054
39902	3.5779
39903	3.5416
39904	3.5222
39905	3.3805
39906	3.3078
39909	3.2615
39910	3.3828
39911	3.414
39912	3.3388
39913	3.3225
39917	3.3019
39918	3.1946
39919	3.2628
39920	3.2764
39923	3.36
39924	3.4196
39925	3.4205
39926	3.3862
39927	3.381
39930	3.4456
39931	3.5108
39932	3.368
39933	3.2859
39937	3.3049
39938	3.2548
39939	3.2985
39940	3.2632
39941	3.2419
39944	3.2145
39945	3.225
39946	3.2078
39947	3.2898
39948	3.2979
39951	3.3281
39952	3.2141
39953	3.1907
39954	3.2049
39955	3.1543
39958	3.1578
39959	3.1948
39960	3.1714
39961	3.2418
39962	3.1812
39965	3.1248
39966	3.1789
39967	3.1528
39968	3.1685
39969	3.1983
39972	3.2706
39973	3.2385
39974	3.1698
39976	3.173
39979	3.2434
39980	3.2698
39981	3.2556
39982	3.2679
39983	3.272
39986	3.2485
39987	3.2742
39988	3.2265
39989	3.2345
39990	3.211
39993	3.2084
39994	3.1733
39995	3.1375
39996	3.1013
39997	3.1236
40000	3.1483
40001	3.1298
40002	3.1852
40003	3.1222
40004	3.1425
40007	3.16
40008	3.1158
40009	3.0557
40010	3.0527
40011	3.063
40014	3.0236
40015	3.0023
40016	3.0091
40017	2.983
40018	2.9663
40021	2.923
40022	2.9237
40023	2.9632
40024	2.9737
40025	2.9525
40028	2.8843
40029	2.8465
40030	2.8547
40031	2.8728
40032	2.9021
40035	2.8921
40036	2.9165
40037	2.9795
40038	2.8912
40039	2.884
40042	2.9703
40043	2.9575
40044	2.9645
40045	2.9073
40046	2.8848
40049	2.8791
40050	2.8714
40051	2.8558
40052	2.8975
40053	2.846
40056	2.8675
40057	2.8598
40058	2.9401
40059	2.8936
40060	2.8872
40063	2.8757
40064	2.8403
40065	2.8363
40066	2.8651
40067	2.8675
40070	2.9183
40071	2.8514
40072	2.8239
40073	2.7969
40074	2.8228
40077	2.8295
40078	2.8094
40079	2.8214
40080	2.8309
40081	2.8684
40084	2.8896
40085	2.879
40086	2.8852
40087	2.896
40088	2.9237
40091	2.8851
40092	2.8374
40093	2.8477
40094	2.8659
40095	2.896
40098	2.8937
40099	2.8534
40100	2.8251
40101	2.8075
40102	2.8248
40105	2.8113
40106	2.7916
40107	2.7772
40108	2.8044
40109	2.7816
40112	2.775
40113	2.823
40114	2.8779
40115	2.8847
40116	2.8595
40119	2.8767
40120	2.9195
40121	2.8908
40122	2.8754
40123	2.8485
40126	2.8195
40127	2.8031
40129	2.7715
40130	2.7631
40133	2.74
40134	2.7415
40135	2.7367
40136	2.777
40137	2.7875
40140	2.7517
40141	2.7588
40142	2.7364
40143	2.7422
40144	2.8051
40147	2.7538
40148	2.7392
40149	2.7185
40150	2.7093
40151	2.7166
40154	2.7479
40155	2.7435
40156	2.7966
40157	2.8168
40158	2.805
40161	2.8248
40162	2.8635
40163	2.8891
40164	2.9105
40165	2.9038
40168	2.9268
40169	2.9232
40170	2.9293
40171	2.8955
40175	2.891
40176	2.8791
40177	2.8725
40178	2.8503
40182	2.8465
40183	2.8264
40184	2.8493
40185	2.8631
40186	2.8683
40189	2.7983
40190	2.8167
40191	2.8009
40192	2.793
40193	2.7973
40196	2.8042
40197	2.7974
40198	2.8296
40199	2.8928
40200	2.8785
40203	2.8688
40204	2.9068
40205	2.9082
40206	2.8957
40207	2.9083
40210	2.8787
40211	2.8603
40212	2.8321
40213	2.9071
40214	2.9915
40217	2.9896
40218	2.9673
40219	2.9463
40220	2.9503
40221	2.9428
40224	2.9548
40225	2.9428
40226	2.9007
40227	2.935
40228	2.9658
40231	2.9166
40232	2.904
40233	2.957
40234	2.9601
40235	2.9251
40238	2.8891
40239	2.9152
40240	2.8782
40241	2.867
40242	2.8568
40245	2.8372
40246	2.8577
40247	2.8531
40248	2.8561
40249	2.8312
40252	2.8449
40253	2.8393
40254	2.8083
40255	2.8285
40256	2.8673
40259	2.8953
40260	2.8804
40261	2.8975
40262	2.9163
40263	2.9062
40266	2.8864
40267	2.8748
40268	2.872
40269	2.8506
40270	2.8426
40274	2.8618
40275	2.8675
40276	2.8975
40277	2.8634
40280	2.8373
40281	2.8596
40282	2.8325
40283	2.8491
40284	2.8573
40287	2.9009
40288	2.8868
40289	2.879
40290	2.8822
40291	2.9148
40294	2.9068
40295	2.9158
40296	3.0038
40297	2.9591
40298	2.9305
40302	2.9928
40303	3.1014
40304	3.1802
40305	3.2808
40308	3.0667
40309	3.1888
40310	3.1356
40311	3.1473
40312	3.186
40315	3.277
40316	3.2284
40317	3.3595
40318	3.3171
40319	3.3143
40322	3.3047
40323	3.419
40324	3.352
40325	3.344
40326	3.2545
40329	3.3132
40330	3.3953
40331	3.3601
40333	3.3542
40336	3.4916
40337	3.4772
40338	3.4513
40339	3.4301
40340	3.3761
40343	3.339
40344	3.3397
40345	3.3064
40346	3.3095
40347	3.2864
40350	3.2463
40351	3.2912
40352	3.3054
40353	3.3295
40354	3.3643
40357	3.327
40358	3.4157
40359	3.3946
40360	3.3773
40361	3.3152
40364	3.2824
40365	3.2636
40366	3.2851
40367	3.2259
40368	3.2124
40371	3.2511
40372	3.2499
40373	3.1925
40374	3.175
40375	3.1608
40378	3.1825
40379	3.1754
40380	3.2017
40381	3.1945
40382	3.1383
40385	3.1373
40386	3.0861
40387	3.0756
40388	3.0618
40389	3.0731
40392	3.0494
40393	3.0143
40394	3.0448
40395	3.0268
40396	3.0246
40399	2.9997
40400	3.0147
40401	3.0606
40402	3.1215
40403	3.1053
40406	3.1297
40407	3.081
40408	3.0713
40409	3.0848
40410	3.111
40413	3.1354
40414	3.1737
40415	3.1492
40416	3.1452
40417	3.1304
40420	3.1226
40421	3.1583
40422	3.1285
40423	3.0952
40424	3.0895
40427	3.045
40428	3.0943
40429	3.117
40430	3.0991
40431	3.0867
40434	3.0745
40435	3.0637
40436	3.0347
40437	3.0131
40438	3.0079
40441	3.0156
40442	3.0053
40443	2.9636
40444	2.9853
40445	2.9704
40448	2.9425
40449	2.9645
40450	2.9227
40451	2.925
40452	2.8772
40455	2.8922
40456	2.8838
40457	2.8422
40458	2.8401
40459	2.866
40462	2.8525
40463	2.8802
40464	2.8327
40465	2.7697
40466	2.7717
40469	2.8297
40470	2.8268
40471	2.8714
40472	2.8193
40473	2.8616
40476	2.8119
40477	2.8207
40478	2.8567
40479	2.8728
40480	2.8873
40484	2.8297
40485	2.801
40486	2.7449
40487	2.7648
40490	2.8178
40491	2.8278
40492	2.822
40494	2.8865
40497	2.8915
40498	2.8937
40499	2.9217
40500	2.8871
40501	2.8749
40504	2.8591
40505	2.902
40506	2.9808
40507	2.9881
40508	3.0363
40511	3.0441
40512	3.1308
40513	3.0753
40514	3.0282
40515	3.0172
40518	3.0057
40519	2.9955
40520	3.0558
40521	3.0508
40522	3.0458
40525	3.0445
40526	2.9708
40527	2.9978
40528	3.0125
40529	2.984
40532	3.0396
40533	3.037
40534	3.0322
40535	3.0323
40536	3.0196
40539	3.0215
40540	3.0112
40541	3.0383
40542	2.9979
40543	2.9641
40546	2.9822
40547	2.9415
40548	2.9476
40550	2.9818
40553	3.0268
40554	3.0065
40555	2.9466
40556	2.9353
40557	2.9048
40560	2.9181
40561	2.8848
40562	2.8879
40563	2.8856
40564	2.8779
40567	2.8561
40568	2.8558
40569	2.828
40570	2.8508
40571	2.8501
40574	2.8845
40575	2.8468
40576	2.823
40577	2.8424
40578	2.8666
40581	2.8438
40582	2.8471
40583	2.8581
40584	2.8795
40585	2.9116
40588	2.9219
40589	2.9159
40590	2.8864
40591	2.879
40592	2.8803
40595	2.8755
40596	2.9198
40597	2.8868
40598	2.8941
40599	2.877
40602	2.8765
40603	2.8643
40604	2.8843
40605	2.8704
40606	2.8646
40609	2.8372
40610	2.8549
40611	2.8644
40612	2.8849
40613	2.9212
40616	2.8825
40617	2.9284
40618	2.9052
40619	2.9077
40620	2.885
40623	2.8588
40624	2.8358
40625	2.8446
40626	2.8516
40627	2.8425
40630	2.8431
40631	2.8227
40632	2.8277
40633	2.8229
40634	2.8455
40637	2.8395
40638	2.8388
40639	2.7986
40640	2.7863
40641	2.7489
40644	2.7501
40645	2.7511
40646	2.7421
40647	2.7297
40648	2.7293
40651	2.7608
40652	2.7922
40653	2.7358
40654	2.7183
40655	2.7135
40659	2.6975
40660	2.6838
40661	2.6504
40662	2.6501
40665	2.6541
40667	2.6499
40668	2.6458
40669	2.727
40672	2.719
40673	2.7361
40674	2.7201
40675	2.7573
40676	2.7321
40679	2.7817
40680	2.7707
40681	2.7501
40682	2.757
40683	2.7377
40686	2.8193
40687	2.8024
40688	2.81
40689	2.8033
40690	2.8003
40691	2.781
40694	2.7468
40695	2.7479
40696	2.7578
40697	2.7315
40700	2.7071
40701	2.6891
40702	2.6943
40703	2.7040
40704	2.7216
40707	2.7426
40708	2.7203
40709	2.7499
40710	2.8069
40711	2.8077
40714	2.8058
40715	2.7776
40716	2.7661
40718	2.7914
40721	2.8201
40722	2.8055
40723	2.7877
40724	2.7517
40725	2.7273
40728	2.7156
40729	2.7266
40730	2.7531
40731	2.7597
40732	2.7505
40735	2.8123
40736	2.9039
40737	2.8658
40738	2.8309
40739	2.8545
40742	2.8753
40743	2.8372
40744	2.8218
40745	2.8064
40746	2.7601
40749	2.7878
40750	2.7654
40751	2.7644
40752	2.7880
40753	2.8109
40756	2.7683
40757	2.8331
40758	2.8252
40759	2.8237
40760	2.8572
40763	2.8287
40764	2.8831
40765	2.8485
40766	2.9191
40767	2.9186
40771	2.8914
40772	2.8785
40773	2.8722
40774	2.9270
40777	2.8943
40778	2.8713
40779	2.8823
40780	2.8773
40781	2.8836
40784	2.8658
40785	2.8755
40786	2.8695
40787	2.8996
40788	2.9277
40791	2.9748
40792	2.9698
40793	2.9941
40794	2.9984
40795	3.1148
40798	3.1781
40799	3.2035
40800	3.1737
40801	3.1858
40802	3.1506
40805	3.1867
40806	3.2067
40807	3.2123
40808	3.2917
40809	3.3171
40812	3.2766
40813	3.2563
40814	3.2463
40815	3.2451
40816	3.2574
40819	3.3265
40820	3.3337
40821	3.2966
40822	3.2731
40823	3.2593
40826	3.1865
40827	3.1936
40828	3.1352
40829	3.1409
40830	3.1107
40833	3.0759
40834	3.1788
40835	3.1347
40836	3.1779
40837	3.1969
40840	3.1705
40841	3.1445
40842	3.1498
40843	3.1083
40844	3.0461
40847	3.1024
40849	3.2093
40850	3.1800
40851	3.1385
40854	3.1913
40855	3.1681
40856	3.1925
40857	3.2213
40861	3.2132
40862	3.2526
40863	3.2621
40864	3.2965
40865	3.2718
40868	3.2984
40869	3.2880
40870	3.3191
40871	3.3486
40872	3.4001
40875	3.3705
40876	3.3924
40877	3.4248
40878	3.3400
40879	3.3235
40882	3.3276
40883	3.3429
40884	3.3310
40885	3.3359
40886	3.3875
40889	3.4117
40890	3.4587
40891	3.4977
40892	3.5066
40893	3.4586
40896	3.4470
40897	3.4148
40898	3.3793
40899	3.3933
40900	3.3980
40904	3.3788
40905	3.3608
40906	3.4126
40907	3.4174
40910	3.4454
40911	3.4277
40912	3.4320
40913	3.5081
40917	3.5150
40918	3.5083
40919	3.4919
40920	3.4945
40921	3.4323
40924	3.4798
40925	3.4215
40926	3.4000
40927	3.3678
40928	3.3537
40931	3.3353
40932	3.2970
40933	3.2990
40934	3.2233
40935	3.2163
40938	3.2433
40939	3.2032
40940	3.1913
40941	3.1955
40942	3.1848
40945	3.2084
40946	3.1806
40947	3.1461
40948	3.1487
40949	3.1703
40952	3.1643
40953	3.1801
40954	3.1660
40955	3.2502
40956	3.1790
40959	3.1598
40960	3.1488
40961	3.1635
40962	3.1380
40963	3.1103
40966	3.1176
40967	3.0977
40968	3.0730
40969	3.0887
40970	3.1023
40973	3.1355
40974	3.1557
40975	3.1631
40976	3.1220
40977	3.1126
40980	3.1285
40981	3.1288
40982	3.1699
40983	3.1723
40984	3.1688
40987	3.1361
40988	3.1288
40989	3.1173
40990	3.1680
40991	3.1417
40994	3.1348
40995	3.0939
40996	3.1100
40997	3.1234
40998	3.1191
41001	3.1017
41002	3.0990
41003	3.1503
41004	3.1678
41005	3.1814
41009	3.1904
41010	3.2034
41011	3.1818
41012	3.1765
41015	3.2289
41016	3.1872
41017	3.1902
41018	3.1879
41019	3.1828
41022	3.1972
41023	3.1946
41024	3.1675
41025	3.1599
41026	3.1666
41029	3.1509
41031	3.1593
41033	3.1891
41036	3.2279
41037	3.2238
41038	3.2412
41039	3.2735
41040	3.2765
41043	3.3422
41044	3.3579
41045	3.4353
41046	3.4194
41047	3.4431
41050	3.3928
41051	3.3811
41052	3.4460
41053	3.4779
41054	3.4589
41057	3.4535
41058	3.4675
41059	3.5139
41060	3.5372
41061	3.5777
41064	3.5431
41065	3.5359
41066	3.4703
41068	3.4566
41071	3.4072
41072	3.4552
41073	3.4591
41074	3.4420
41075	3.3971
41078	3.3741
41079	3.3916
41080	3.3471
41081	3.3617
41082	3.4025
41085	3.4105
41086	3.4088
41087	3.4015
41088	3.4408
41089	3.3885
41092	3.3456
41093	3.3427
41094	3.3415
41095	3.3743
41096	3.4057
41099	3.4538
41100	3.4145
41101	3.4007
41102	3.4383
41103	3.4463
41106	3.4353
41107	3.3973
41108	3.3950
41109	3.3900
41110	3.3961
41113	3.4529
41114	3.4678
41115	3.4719
41116	3.4523
41117	3.3843
41120	3.3780
41121	3.3508
41122	3.3420
41123	3.3462
41124	3.3548
41127	3.2752
41128	3.2606
41129	3.3040
41130	3.2915
41131	3.3195
41134	3.3202
41135	3.3059
41137	3.3253
41138	3.2886
41141	3.2944
41142	3.2790
41143	3.2639
41144	3.2488
41145	3.2680
41148	3.2570
41149	3.2685
41150	3.3081
41151	3.3397
41152	3.3353
41155	3.3398
41156	3.3281
41157	3.3693
41158	3.2955
41159	3.2578
41162	3.2189
41163	3.2098
41164	3.1680
41165	3.1852
41166	3.1131
41169	3.1207
41170	3.1509
41171	3.1631
41172	3.2092
41173	3.1712
41176	3.2180
41177	3.2136
41178	3.2187
41179	3.2236
41180	3.1780
41183	3.1809
41184	3.1833
41185	3.1896
41186	3.1646
41187	3.1353
41190	3.1430
41191	3.1501
41192	3.1695
41193	3.1819
41194	3.1577
41197	3.1565
41198	3.1438
41199	3.1261
41200	3.1314
41201	3.1499
41204	3.1470
41205	3.1662
41206	3.1996
41207	3.1851
41208	3.2119
41211	3.2145
41212	3.2036
41213	3.1806
41215	3.1965
41218	3.2211
41219	3.2223
41220	3.2031
41221	3.2655
41222	3.2588
41225	3.2803
41226	3.2945
41227	3.2750
41228	3.2678
41229	3.2682
41232	3.2503
41233	3.2333
41234	3.2287
41235	3.2021
41236	3.1945
41239	3.1744
41240	3.1634
41241	3.1799
41242	3.1556
41243	3.1585
41246	3.1498
41247	3.1575
41248	3.1516
41249	3.1538
41250	3.1930
41253	3.1978
41254	3.1645
41255	3.1459
41256	3.1333
41257	3.1271
41260	3.1035
41261	3.1044
41262	3.0690
41263	3.0769
41264	3.0791
41267	3.0800
41270	3.0816
41271	3.0893
41274	3.0996
41276	3.066
41277	3.1005
41278	3.17
41281	3.1618
41282	3.1457
41283	3.1516
41284	3.1121
41285	3.089
41288	3.0828
41289	3.075
41290	3.1097
41291	3.0853
41292	3.0925
41295	3.1351
41296	3.1341
41297	3.1195
41298	3.1503
41299	3.1186
41302	3.1074
41303	3.1229
41304	3.0938
41305	3.0874
41306	3.0744
41309	3.0563
41310	3.0831
41311	3.0868
41312	3.0886
41313	3.1056
41316	3.0991
41317	3.1159
41318	3.1012
41319	3.1209
41320	3.1398
41323	3.1410
41324	3.1360
41325	3.1002
41326	3.1633
41327	3.1443
41330	3.1412
41331	3.1733
41332	3.1841
41333	3.1679
41334	3.1769
41337	3.1837
41338	3.1665
41339	3.1660
41340	3.1808
41341	3.1690
41344	3.1828
41345	3.1887
41346	3.1863
41347	3.2000
41348	3.1868
41351	3.2015
41352	3.2055
41353	3.2169
41354	3.2387
41355	3.2361
41358	3.1950
41359	3.2427
41360	3.2635
41361	3.2773
41362	3.2590
41366	3.2552
41367	3.2693
41368	3.2750
41369	3.2358
41372	3.1893
41373	3.1696
41374	3.1405
41375	3.1382
41376	3.1537
41379	3.1502
41380	3.1559
41381	3.1159
41382	3.1529
41383	3.1409
41386	3.1448
41387	3.1811
41388	3.1823
41389	3.1792
41390	3.1943
41393	3.1712
41394	3.1721
41396	3.1492
41400	3.1646
41401	3.1767
41402	3.1609
41403	3.1392
41404	3.1861
41407	3.2051
41408	3.1998
41409	3.2340
41410	3.2521
41411	3.2520
41414	3.2380
41415	3.2490
41416	3.2322
41417	3.2587
41418	3.2400
41421	3.2416
41422	3.2465
41423	3.2831
41425	3.2953
41428	3.2865
41429	3.2524
41430	3.2421
41431	3.2564
41432	3.2545
41435	3.2210
41436	3.2201
41437	3.2002
41438	3.2000
41439	3.1654
41442	3.1719
41443	3.1682
41444	3.1777
41445	3.2693
41446	3.2743
41449	3.3137
41450	3.2840
41451	3.3239
41452	3.3241
41453	3.3175
41456	3.321
41457	3.3222
41458	3.3516
41459	3.3246
41460	3.3245
41463	3.3576
41464	3.3588
41465	3.3724
41466	3.3225
41467	3.3201
41470	3.2955
41471	3.2735
41472	3.241
41473	3.2362
41474	3.2348
41477	3.2142
41478	3.2001
41479	3.18
41480	3.2143
41481	3.1831
41484	3.1859
41485	3.1798
41486	3.1929
41487	3.1961
41488	3.2201
41491	3.1771
41492	3.1744
41493	3.1725
41494	3.1503
41495	3.1336
41498	3.151
41499	3.1489
41500	3.1643
41502	3.1665
41505	3.1873
41506	3.1761
41507	3.1698
41508	3.1811
41509	3.1673
41512	3.1658
41513	3.1849
41514	3.184
41515	3.2269
41516	3.2209
41519	3.2164
41520	3.2433
41521	3.2387
41522	3.2463
41523	3.2732
41526	3.2357
41527	3.2181
41528	3.1955
41529	3.1782
41530	3.1696
41533	3.1435
41534	3.1552
41535	3.1689
41536	3.0833
41537	3.1152
41540	3.126
41541	3.1338
41542	3.1234
41543	3.1277
41544	3.1328
41547	3.1227
41548	3.117
41549	3.1212
41550	3.0951
41551	3.0902
41554	3.0976
41555	3.0873
41556	3.1057
41557	3.0994
41558	3.085
41561	3.0936
41562	3.0893
41563	3.0854
41564	3.0625
41565	3.0506
41568	3.062
41569	3.0564
41570	3.0385
41571	3.0323
41572	3.0326
41575	3.0271
41576	3.0436
41577	3.0433
41578	3.0507
41582	3.0975
41583	3.0981
41584	3.0896
41585	3.0844
41586	3.1133
41590	3.1448
41591	3.1358
41592	3.115
41593	3.1172
41596	3.0953
41597	3.0925
41598	3.0947
41599	3.1227
41600	3.1077
41603	3.1019
41604	3.0945
41605	3.0899
41606	3.0872
41607	3.0846
41610	3.0965
41611	3.0973
41612	3.0916
41613	3.087
41614	3.0673
41617	3.0534
41618	3.0425
41619	3.0386
41620	3.0415
41621	3.0432
41624	3.035
41625	3.036
41626	3.0393
41627	3.049
41628	3.0525
41631	3.0443
41632	3.0346
41635	3.0105
41638	3.018
41639	3.012
41641	3.0315
41642	3.0517
41646	3.0688
41647	3.0717
41648	3.0695
41649	3.07
41652	3.045
41653	3.04
41654	3.0495
41655	3.0566
41656	3.0596
41659	3.068
41660	3.0763
41661	3.0761
41662	3.0559
41663	3.0727
41666	3.0884
41667	3.0635
41668	3.0829
41669	3.1166
41670	3.1288
41673	3.137
41674	3.1189
41675	3.0987
41676	3.095
41677	3.0857
41680	3.0683
41681	3.0581
41682	3.0552
41683	3.0532
41684	3.0334
41687	3.025
41688	3.03
41689	3.0286
41690	3.049
41691	3.0389
41694	3.0255
41695	3.0264
41696	3.026
41697	3.0655
41698	3.0254
41701	3.0462
41702	3.0489
41703	3.0477
41704	3.0427
41705	3.0185
41708	3.0266
41709	3.0449
41710	3.0508
41711	3.0284
41712	3.0481
41715	3.043
41716	3.0396
41717	3.0245
41718	3.05
41719	3.0425
41722	3.0483
41723	3.0342
41724	3.0318
41725	3.0401
41726	3.0374
41729	3.0344
41730	3.0278
41731	3.0288
41732	3.033
41733	3.0397
41736	3.0446
41737	3.0276
41738	3.0221
41739	3.0092
41740	3.0086
41743	3.0288
41744	3.0325
41745	3.0272
41746	3.0317
41751	3.034
41752	3.0273
41753	3.0285
41754	3.0378
41757	3.0368
41758	3.0318
41759	3.044
41761	3.0289
41765	3.0196
41766	3.0187
41767	3.0042
41768	3.0247
41771	3.0362
41772	3.0381
41773	3.048
41774	3.0589
41775	3.0567
41778	3.0558
41779	3.062
41780	3.054
41781	3.0525
41782	3.049
41786	3.0532
41787	3.0598
41788	3.0395
41789	3.0435
41792	3.0413
41793	3.0449
41794	3.0491
41795	3.0275
41796	3.0222
41799	3.0067
41800	3.0303
41801	3.0431
41802	3.0374
41803	3.0382
41806	3.0654
41807	3.0495
41808	3.0589
41810	3.0495
41813	3.0627
41814	3.0526
41815	3.0451
41816	3.0361
41817	3.0485
41820	3.0473
41821	3.0355
41822	3.0387
41823	3.0418
41824	3.0495
41827	3.0497
41828	3.0441
41829	3.0322
41830	3.0323
41831	3.0426
41834	3.0368
41835	3.0454
41836	3.0503
41837	3.0579
41838	3.0652
41841	3.07
41842	3.0748
41843	3.0707
41844	3.0702
41845	3.0831
41848	3.086
41849	3.09
41850	3.0978
41851	3.1094
41852	3.128
41855	3.1114
41856	3.1121
41857	3.1377
41858	3.1397
41859	3.1509
41862	3.1378
41863	3.1465
41864	3.1442
41865	3.1285
41869	3.1342
41870	3.1356
41871	3.147
41872	3.1569
41873	3.152
41876	3.168
41877	3.1686
41878	3.1764
41879	3.1834
41880	3.1965
41883	3.2035
41884	3.2112
41885	3.1912
41886	3.1947
41887	3.2354
41890	3.2303
41891	3.2605
41892	3.2508
41893	3.2435
41894	3.2468
41897	3.2522
41898	3.2419
41899	3.2331
41900	3.249
41901	3.2507
41904	3.257
41905	3.243
41906	3.2525
41907	3.2823
41908	3.2776
41911	3.3
41912	3.2973
41913	3.3172
41914	3.3039
41915	3.3079
41918	3.3343
41919	3.3106
41920	3.305
41921	3.2776
41922	3.2985
41925	3.3062
41926	3.3095
41927	3.3262
41928	3.2985
41929	3.2964
41932	3.3109
41933	3.2987
41934	3.3275
41935	3.339
41936	3.3387
41939	3.3288
41940	3.3295
41941	3.3192
41942	3.3592
41943	3.3459
41946	3.3772
41947	3.3776
41948	3.3887
41949	3.3769
41950	3.4084
41953	3.3765
41955	3.3966
41956	3.386
41957	3.3933
41960	3.3819
41961	3.3706
41962	3.3655
41963	3.368
41964	3.3827
41967	3.3842
41968	3.3706
41969	3.3546
41970	3.3528
41971	3.3605
41974	3.3519
41975	3.3466
41976	3.373
41977	3.3728
41978	3.3619
41981	3.3978
41982	3.3688
41983	3.3572
41984	3.3611
41985	3.3639
41988	3.3621
41989	3.3522
41990	3.3928
41991	3.4428
41992	3.4791
41995	3.4767
41996	3.4937
41997	3.529
42002	3.527
42003	3.5458
42004	3.5072
42006	3.5725
42009	3.5975
42011	3.6375
42012	3.6482
42013	3.6252
42016	3.6218
42017	3.6252
42018	3.6525
42019	3.6588
42020	3.7174
42023	3.7176
42024	3.7346
42025	3.7358
42026	3.6994
42027	3.7687
42030	3.7601
42031	3.7348
42032	3.7276
42033	3.7418
42034	3.7204
42037	3.6801
42038	3.6886
42039	3.644
42040	3.6656
42041	3.6395
42044	3.6811
42045	3.722
42046	3.7094
42047	3.6926
42048	3.6552
42051	3.6665
42052	3.6788
42053	3.6784
42054	3.6631
42055	3.6895
42058	3.6933
42059	3.6948
42060	3.6649
42061	3.6519
42062	3.698
42065	3.7053
42066	3.719
42067	3.7485
42068	3.7525
42069	3.7649
42072	3.789
42073	3.8345
42074	3.9091
42075	3.8928
42076	3.9141
42079	3.926
42080	3.9034
42081	3.9073
42082	3.8596
42083	3.8645
42086	3.818
42087	3.7453
42088	3.7355
42089	3.705
42090	3.789
42093	3.7685
42094	3.8125
42095	3.789
42096	3.7524
42097	3.7449
42101	3.7435
42102	3.7135
42103	3.7414
42104	3.7894
42107	3.8088
42108	3.8001
42109	3.7875
42110	3.7746
42111	3.7277
42114	3.7302
42115	3.7275
42116	3.7125
42117	3.7371
42118	3.6895
42121	3.7115
42122	3.6751
42123	3.6396
42124	3.5987
42128	3.632
42129	3.6205
42130	3.6116
42131	3.583
42132	3.6095
42135	3.6489
42136	3.6447
42137	3.63
42138	3.5921
42139	3.5719
42142	3.555
42143	3.6152
42144	3.6538
42145	3.6605
42146	3.669
42149	3.75
42150	3.7898
42151	3.7906
42152	3.7858
42153	3.7671
42156	3.785
42157	3.7676
42158	3.7108
42160	3.6949
42163	3.7381
42164	3.6975
42165	3.676
42166	3.6817
42167	3.7094
42170	3.6905
42171	3.6933
42172	3.6873
42173	3.6556
42174	3.6879
42177	3.6799
42178	3.704
42179	3.7103
42180	3.7305
42181	3.7275
42184	3.7671
42185	3.7645
42186	3.7625
42187	3.7859
42188	3.7726
42191	3.796
42192	3.8313
42193	3.8225
42194	3.829
42195	3.7709
42198	3.7543
42199	3.7645
42200	3.747
42201	3.7694
42202	3.7676
42205	3.7868
42206	3.7875
42207	3.7629
42208	3.7559
42209	3.7654
42212	3.7455
42213	3.7303
42214	3.7471
42215	3.7754
42216	3.7929
42219	3.7705
42220	3.7792
42221	3.8359
42222	3.8385
42223	3.8326
42226	3.8246
42227	3.8087
42228	3.7805
42229	3.7625
42230	3.7557
42233	3.7613
42234	3.7578
42235	3.7718
42236	3.7659
42237	3.7308
42240	3.6971
42241	3.6613
42242	3.6937
42243	3.745
42244	3.7493
42247	3.778
42248	3.7503
42249	3.7626
42250	3.7645
42251	3.7952
42254	3.7928
42255	3.7878
42256	3.7634
42257	3.7648
42258	3.7264
42261	3.7124
42262	3.7238
42263	3.7315
42264	3.7129
42265	3.6738
42268	3.708
42269	3.7438
42270	3.7801
42271	3.7687
42272	3.7818
42275	3.7861
42276	3.7799
42277	3.7754
42278	3.8005
42279	3.8028
42282	3.773
42283	3.789
42284	3.7604
42285	3.7543
42286	3.7242
42289	3.7148
42290	3.7199
42291	3.7129
42292	3.6948
42293	3.7243
42296	3.7265
42297	3.7385
42298	3.7627
42299	3.7806
42300	3.82
42303	3.8645
42304	3.8669
42305	3.8826
42306	3.8974
42307	3.8748
42310	3.859
42311	3.8678
42312	3.8876
42313	3.8925
42314	3.9075
42317	3.9605
42318	3.957
42320	3.9434
42321	3.9388
42324	3.9581
42325	3.9775
42326	3.9802
42327	3.9754
42328	3.9706
42331	3.988
42332	4.0021
42333	4.0215
42334	4.0298
42335	4.0333
42338	4.0304
42339	4.0248
42340	4.0305
42341	4.04
42342	3.9607
42345	3.9853
42346	3.9877
42347	3.9705
42348	3.9601
42349	3.9718
42352	3.9695
42353	3.9523
42354	3.9644
42355	3.9646
42356	3.9558
42359	3.92
42360	3.8787
42361	3.8872
42362	3.8695
42366	3.8663
42367	3.8659
42368	3.8801
42369	3.9011
42373	3.9281
42374	4.0073
42376	4.0085
42377	3.9963
42380	4.0085
42381	4.017
42382	4.0068
42383	3.999
42384	4.0411
42387	4.1133
42388	4.0917
42389	4.0877
42390	4.1303
42391	4.1031
42394	4.1346
42395	4.1475
42396	4.1144
42397	4.0872
42398	4.0723
42401	4.0638
42402	4.0333
42403	4.0325
42404	3.9492
42405	3.942
42408	3.9525
42409	3.9771
42410	3.9383
42411	3.9219
42412	3.9074
42415	3.922
42416	3.9404
42417	3.9431
42418	3.9416
42419	3.9531
42422	3.9391
42423	3.9671
42424	3.9803
42425	3.9705
42426	3.9545
42429	3.9935
42430	3.9924
42431	3.9861
42432	3.9805
42433	3.9545
42436	3.9515
42437	3.9333
42438	3.9395
42439	3.932
42440	3.8903
42443	3.847
42444	3.8649
42445	3.8749
42446	3.8037
42447	3.7882
42450	3.7838
42451	3.8005
42452	3.801
42453	3.824
42458	3.8037
42459	3.7495
42460	3.759
42461	3.7193
42464	3.7254
42465	3.7337
42466	3.751
42467	3.7414
42468	3.7701
42471	3.7587
42472	3.749
42473	3.7771
42474	3.8174
42475	3.8176
42478	3.801
42479	3.7925
42480	3.7842
42481	3.7981
42482	3.8399
42485	3.8962
42486	3.8935
42486	3.8935
42487	3.8793
42488	3.8695
42489	3.8738
42492	3.8195
42494	3.83
42495	3.8475
42496	3.8732
42499	3.873
42500	3.8853
42501	3.8855
42502	3.8811
42503	3.8775
42506	3.8625
42507	3.8508
42508	3.9005
42509	3.9161
42510	3.9358
42513	3.9513
42514	3.9789
42515	3.9684
42517	3.9393
42520	3.947
42521	3.9369
42522	3.935
42523	3.9204
42524	3.9384
42527	3.8602
42528	3.8298
42529	3.815
42530	3.8126
42531	3.8545
42534	3.8943
42535	3.9483
42536	3.9351
42537	3.9469
42538	3.9412
42541	3.8724
42542	3.8741
42543	3.8945
42544	3.8593
42545	3.9994
42548	4.0263
42549	4.003
42550	3.9905
42551	3.9803
42552	3.9548
42555	3.9886
42556	3.9963
42557	4.0225
42558	4.0036
42559	4.0001
42562	4.006
42563	3.9807
42564	3.9809
42565	3.9681
42566	3.9598
42569	3.9853
42570	3.9582
42571	3.979
42572	3.9685
42573	3.9504
42576	3.9697
42577	3.9682
42578	3.9739
42579	3.9389
42580	3.9364
42583	3.904
42584	3.882
42585	3.8516
42586	3.8588
42587	3.8542
42590	3.8706
42591	3.8482
42592	3.825
42593	3.8297
42594	3.8219
42598	3.7929
42599	3.8075
42600	3.7826
42601	3.7905
42604	3.809
42605	3.8061
42606	3.8174
42607	3.819
42608	3.8328
42612	3.8858
42613	3.9082
42614	3.9116
42615	3.9164
42618	3.8937
42619	3.8869
42620	3.8515
42621	3.8255
42622	3.8385
42625	3.8668
42626	3.8734
42627	3.8716
42628	3.8587
42629	3.8497
42632	3.8586
42633	3.8438
42634	3.8601
42635	3.8128
42636	3.8328
42639	3.8324
42640	3.8227
42641	3.8264
42642	3.8354
42643	3.8558
42646	3.8252
42647	3.8472
42648	3.8307
42649	3.8405
42650	3.8505
42653	3.8307
42654	3.8487
42655	3.8851
42656	3.9164
42657	3.8965
42660	3.9265
42661	3.9148
42662	3.9285
42663	3.9359
42664	3.98
42667	3.969
42668	3.9543
42669	3.9517
42670	3.976
42671	3.9696
42674	3.9488
42676	3.8954
42677	3.8965
42678	3.8862
42681	3.9132
42682	3.9169
42683	3.9305
42684	3.9856
42688	4.0805
42689	4.0837
42690	4.138
42691	4.1375
42692	4.1968
42695	4.1748
42696	4.1507
42697	4.1588
42698	4.188
42699	4.1628
42702	4.1521
42703	4.1827
42704	4.1721
42705	4.1987
42706	4.215
42709	4.2213
42710	4.1825
42711	4.1268
42712	4.1107
42713	4.1772
42716	4.209
42717	4.1905
42718	4.1768
42719	4.2329
42720	4.2296
42723	4.2255
42724	4.2493
42725	4.2484
42726	4.2222
42727	4.2199
42732	4.226
42733	4.2161
42734	4.1793
42737	4.2106
42738	4.2271
42739	4.2037
42740	4.1667
42744	4.1592
42745	4.127
42746	4.1465
42747	4.1103
42748	4.1084
42751	4.1354
42752	4.0989
42753	4.087
42754	4.1014
42755	4.1005
42758	4.076
42759	4.0708
42760	4.0585
42761	4.059
42762	4.0595
42765	4.0472
42766	4.0446
42767	4.0071
42768	3.9835
42769	4.0014
42772	3.9892
42773	4.028
42774	4.0521
42775	4.0332
42776	4.0435
42779	4.0496
42780	4.0525
42781	4.0752
42782	4.0567
42783	4.0693
42786	4.0692
42787	4.0942
42788	4.0899
42789	4.084
42790	4.0681
42793	4.0745
42794	4.077
42795	4.0756
42796	4.0765
42797	4.0955
42800	4.0663
42801	4.0803
42802	4.0818
42803	4.0864
42804	4.0761
42807	4.0747
42808	4.0697
42809	4.0646
42810	4.03
42811	3.9917
42814	3.9821
42815	3.9502
42816	3.9731
42817	3.9687
42818	3.9481
42821	3.9259
42822	3.9169
42823	3.9265
42824	3.9402
42825	3.9455
